0.623089 0.742379
0.623925 0.775342
0.655298 0.757639
0.630597 0.788666
0.623291 0.801044
0.623694 0.835535
0.634533 0.8558
0.647658 0.798295
0.682178 0.770023
0.683205 0.76336
0.664262 0.760255
0.680766 0.743525
0.637073 0.720977
0.614244 0.716567
0.629338 0.691339
0.554985 0.621301
0.603456 0.590841
0.611966 0.590545
0.54384 0.574299
0.511779 0.587053
0.539297 0.678333
0.575378 0.74293
0.596904 0.758234
0.580526 0.760229
0.498779 0.697395
0.524755 0.776242
0.488163 0.73008
0.481147 0.7063
0.47609 0.703885
0.455667 0.768295
0.448674 0.736794
0.372789 0.775824
0.370333 0.784405
0.361157 0.786676
0.392589 0.779083
0.462908 0.817376
0.442124 0.817497
0.452787 0.872493
0.339761 0.925043
0.413157 0.874984
0.390071 0.857639
0.42072 0.838396
0.29223 0.918835
0.273499 0.936114
0.263057 0.947651
0.349861 0.843612
0.279202 0.91718
0.236217 0.92102
0.204397 0.941845
0.206084 0.922083
0.180504 0.956069
0.161886 0.935017
0.110779 0.886056
0.165738 0.837344
0.147758 0.781563
0.121794 0.76478
0.108256 0.756014
0.104382 0.758682
0.148787 0.845469
0.11457 0.832086
0.0977743 0.863035
0.0870926 0.773039
0.0946451 0.742289
0.0705534 0.674881
0.0808904 0.627016
0.084698 0.668442
0.0981931 0.71825
0.117412 0.669055
0.107539 0.748999
0.196128 0.756348
0.22872 0.69733
0.237509 0.903999
0.320461 0.857304
0.318219 0.85108
0.296191 0.830738
0.28609 0.781375
0.275457 0.784342
0.267398 0.812766
0.283864 0.744756
0.294397 0.817298
0.323065 0.797131
0.363265 0.705009
0.444477 0.686656
0.441008 0.650581
0.42512 0.622041
0.37426 0.684235
0.351493 0.695494
0.327886 0.686584
0.299754 0.729362
0.250372 0.672137
0.262288 0.676397
0.290836 0.674964
0.383989 0.636758
0.37648 0.625529
0.381626 0.634296
0.347697 0.644519
0.162732 0.699261
0.219262 0.66566
0.208368 0.516969
0.191681 0.533775
0.178969 0.508897
0.168794 0.457862
0.17697 0.474726
0.174937 0.446092
0.206985 0.454131
0.184393 0.429176
0.160994 0.400304
0.172953 0.411805
0.220667 0.456243
0.18433 0.389195
0.255117 0.407599
0.234827 0.482266
0.240582 0.569022
0.255923 0.470735
0.259654 0.457793
0.257241 0.480416
0.301871 0.560103
0.273064 0.526349
0.262759 0.545674
0.262944 0.552003
0.255053 0.619861
0.28425 0.656994
0.28047 0.60577
0.301108 0.603509
0.319333 0.625423
0.338532 0.612193
0.36263 0.593941
0.366022 0.578883
0.336267 0.592098
0.370296 0.530363
0.368539 0.477907
0.383175 0.573556
0.38848 0.629245
0.428573 0.577345
0.434626 0.593924
0.4373 0.613968
0.451397 0.657314
0.460258 0.649336
0.470381 0.601423
0.505141 0.662741
0.486541 0.571777
0.446081 0.560607
0.465732 0.545569
0.478403 0.549419
0.477246 0.537712
0.494296 0.566265
0.49936 0.581287
0.493773 0.53642
0.518184 0.529636
0.51317 0.469722
0.535302 0.478821
0.5288 0.388845
0.45806 0.438598
0.458194 0.38291
0.465303 0.380388
0.464308 0.361101
0.479005 0.354192
0.499341 0.338509
0.574097 0.500427
0.592773 0.573616
0.596088 0.564203
0.649916 0.581028
0.600374 0.489821
0.608205 0.474852
0.543545 0.375264
0.562537 0.357046
0.545302 0.339405
0.533563 0.336149
0.545225 0.312445
0.565081 0.289942
0.594122 0.238477
0.584656 0.227943
0.469816 0.286467
0.469047 0.246476
0.468013 0.283097
0.457681 0.277842
0.454451 0.286326
0.479034 0.290987
0.498669 0.29464
0.431597 0.314567
0.434796 0.306401
0.42049 0.313926
0.425311 0.529065
0.418762 0.504424
0.427653 0.576002
0.402508 0.451185
0.426424 0.440501
0.374286 0.458872
0.346391 0.47537
0.307369 0.449226
0.315562 0.481448
0.346557 0.507128
0.277939 0.449702
0.286127 0.477159
0.294553 0.453345
0.297489 0.45021
0.278246 0.410173
0.25156 0.356325
0.258894 0.357628
0.161096 0.287012
0.115183 0.311711
0.117702 0.317076
0.161222 0.332208
0.137532 0.351014
0.129634 0.357205
0.144594 0.267769
0.234678 0.333288
0.281793 0.333818
0.295711 0.336975
0.374483 0.385754
0.305768 0.365278
0.311841 0.382929
0.385337 0.391971
0.392535 0.317161
0.408244 0.32933
0.375699 0.431844
0.419972 0.414783
0.434085 0.441599
0.415396 0.319156
0.364088 0.311833
0.337696 0.309949
0.34419 0.354847
0.24322 0.290239
0.225983 0.29146
0.199465 0.285976
0.168666 0.269894
0.162914 0.240428
0.154971 0.216264
0.133718 0.202563
0.0648559 0.175244
0.0653572 0.169158
0.0530708 0.150571
0.0318557 0.121743
0.102802 0.102585
0.0895237 0.110697
0.090641 0.124525
0.0785105 0.18653
0.0885974 0.272249
0.0886582 0.220058
0.118997 0.202416
0.100272 0.193356
0.0776413 0.148635
0.20908 0.215341
0.228429 0.281046
0.253752 0.277377
0.24539 0.263317
0.285352 0.264267
0.311967 0.279048
0.305335 0.267595
0.381953 0.290556
0.327248 0.250259
0.311554 0.24761
0.351589 0.248144
0.421328 0.270842
0.40578 0.237227
0.44341 0.293071
0.437411 0.272119
0.392591 0.21548
0.342275 0.208867
0.317122 0.18136
0.301177 0.179954
0.276761 0.200996
0.228069 0.205122
0.132904 0.167496
0.154222 0.158822
0.22273 0.115799
0.267392 0.154541
0.29567 0.11657
0.244522 0.0840018
0.230125 0.0778719
0.245059 0.0610876
0.243134 0.0500877
0.202022 0.0390678
0.204865 0.0878856
0.194346 0.101882
0.156198 0.0925188
0.129329 0.0816588
0.119662 0.0802791
0.0953951 0.0640717
0.093281 0.0708772
0.0922706 0.0664874
0.059245 0.0876067
0.0964694 0.0327715
0.145239 0.0647901
0.139006 0.0532141
0.136828 0.0515847
0.161088 0.0481795
0.192962 0.0352669
0.104417 0.00557184
0.0562498 0.0140565
0.0714405 0.0572011
0.0268482 0.0502608
0.00899869 0.0429131
0.00842924 0.0463519
0.0298589 0.115317
0.0371339 0.169352
0.0269981 0.159805
0.0575786 0.227957
0.0609719 0.260401
0.035817 0.252334
0.0304854 0.269862
0.0728141 0.270977
0.0867263 0.355922
0.0912836 0.355824
0.148424 0.425489
0.0996106 0.369427
0.107701 0.379286
0.103659 0.416287
0.106114 0.43472
0.0832341 0.403367
0.0891955 0.446572
0.138335 0.491449
0.107466 0.542251
0.107404 0.566159
0.118369 0.592384
0.121391 0.622111
0.149273 0.611021
0.153075 0.586227
0.166988 0.633248
0.102433 0.632475
0.117047 0.597476
0.0941748 0.606004
0.104706 0.580748
0.107341 0.511838
0.0954893 0.477781
0.0703425 0.537276
0.0687913 0.643572
0.0579016 0.602211
0.0621127 0.56624
0.0322539 0.577353
0.0321043 0.493811
0.0448283 0.499777
0.0554744 0.500805
0.0608143 0.484931
0.0498019 0.420905
0.0733461 0.381265
0.0376811 0.385585
0.0336135 0.456751
0.00263689 0.428828
0.0654999 0.33999
0.00984007 0.304706
0.0157687 0.250762
0.0450054 0.224097
0.0124705 0.216591
0.00488903 0.302034
0.0125598 0.532865
0.0109349 0.547312
0.00272621 0.678437
0.0551657 0.697826
0.0519014 0.721167
0.0249266 0.723164
0.0288396 0.725575
0.0602883 0.779907
0.0231903 0.77019
0.0074906 0.771764
0.0139188 0.779025
0.00111576 0.872177
0.0348794 0.819046
0.0174306 0.788394
0.0654828 0.837002
0.0196428 0.885305
0.0314777 0.925366
0.0551216 0.916904
0.03602 0.946676
0.0369943 0.972536
0.0492483 0.973034
0.051721 0.97893
0.102099 0.998462
0.218223 0.975218
0.191437 0.98522
0.289038 0.962375
0.368809 0.938807
0.293591 0.946423
0.386151 0.934771
0.443121 0.918428
0.455573 0.917408
0.481874 0.912544
0.470166 0.890575
0.505872 0.911249
0.471713 0.946279
0.495524 0.963597
0.514699 0.919074
0.5036 0.901747
0.487185 0.872302
0.573392 0.912957
0.550057 0.958647
0.610998 0.918924
0.422048 0.973
0.400956 0.974508
0.376853 0.989323
0.398987 0.983314
0.532665 0.970574
0.581833 0.966757
0.645956 0.95313
0.65569 0.955653
0.672441 0.94135
0.645399 0.927563
0.713489 0.938159
0.655108 0.925639
0.640974 0.916844
0.653322 0.900348
0.740245 0.923168
0.737659 0.91923
0.795616 0.943321
0.767885 0.937159
0.732 0.95068
0.770926 0.957237
0.548502 0.990542
0.551023 0.973857
0.378394 1
0.689452 0.997673
0.979358 0.999283
0.976791 0.957407
1 0.852998
0.996035 0.740783
0.892623 0.721428
0.883263 0.714153
0.939155 0.795441
0.944036 0.791197
0.989732 0.788704
0.983098 0.840939
0.975022 0.853385
0.983098 0.873181
0.920937 0.836415
0.795687 0.768023
0.853915 0.84245
0.85005 0.851695
0.897964 0.886119
0.954034 0.895287
0.957553 0.89796
0.961787 0.914578
0.957855 0.968903
0.933785 0.946856
0.943442 0.941084
0.93026 0.942914
0.83074 0.879367
0.782423 0.868153
0.797651 0.86045
0.784687 0.836653
0.78211 0.827515
0.791228 0.772139
0.729817 0.732021
0.747826 0.727795
0.770135 0.691404
0.753758 0.670433
0.758906 0.605265
0.760092 0.575088
0.780773 0.581213
0.789414 0.576041
0.82964 0.626154
0.896649 0.654568
0.853565 0.66182
0.831571 0.648351
0.813436 0.64275
0.792168 0.664084
0.775292 0.695123
0.760166 0.721816
0.804148 0.713651
0.837427 0.744972
0.870435 0.688854
0.952677 0.68162
0.955393 0.687581
0.975642 0.702542
0.973361 0.665548
0.960462 0.627397
0.943981 0.649437
0.919315 0.60842
0.921896 0.598679
0.987909 0.54304
0.975331 0.544275
0.912343 0.557503
0.90075 0.555634
0.888489 0.545911
0.910753 0.613943
0.902926 0.645591
0.851472 0.617777
0.850331 0.618574
0.844828 0.582845
0.846297 0.57009
0.852075 0.517771
0.841203 0.476933
0.896903 0.506641
0.985322 0.541673
0.87746 0.480696
0.889808 0.481221
0.899355 0.491403
0.915577 0.461198
0.937997 0.477463
0.919321 0.325698
0.939155 0.374279
0.932493 0.40211
0.939613 0.466202
0.957734 0.487215
0.987382 0.533833
0.984956 0.491999
0.981656 0.496556
0.973118 0.379869
0.989511 0.293156
0.994866 0.216558
0.968184 0.263228
0.944275 0.312439
0.925111 0.299186
0.929794 0.274541
0.931743 0.29179
0.990209 0.201165
0.96722 0.187054
0.977049 0.127983
0.956856 0.116195
0.949653 0.110739
0.945673 0.0876202
0.932499 0.0770493
0.945655 0.0718548
0.92506 0.0795027
0.910382 0.07907
0.83891 0.130313
0.844119 0.120251
0.766479 0.106009
0.812268 0.0680743
0.716382 0.071693
0.870201 0.0623631
0.905808 0.0671546
0.93635 0.053396
0.975767 0.0224571
0.997694 0.129912
0.976099 0.00584117
0.938181 0.0307031
0.929551 0.0203917
0.871844 0.0393828
0.837577 0.0427923
0.734269 0.0410372
0.700895 0.0476577
0.622592 0.0431832
0.612979 0.0439466
0.516811 0.0527604
0.636538 0.040309
0.631063 0.0414797
0.811223 0.00469032
0.894023 0.000508553
0.760722 0
0.728626 0.000607113
0.521826 0.0243921
0.494552 0.000772298
0.410066 0.0445706
0.408608 0.025927
0.393284 0.00252395
0.376287 0.00965591
0.373728 0.035672
0.397199 0.0597822
0.465546 0.099447
0.466096 0.102454
0.518926 0.0821796
0.305704 0.0509724
0.352555 0.0787868
0.345563 0.0209875
0.330161 0.012023
0.317015 0.0266467
0.298388 0.00106093
0.149964 0.00636294
0.287753 0.00645635
0.149085 0.0084968
0.200635 0.0245248
0.196136 0.0180675
0.22584 0.0264767
0.282152 0.0360699
0.285249 0.0631716
0.37361 0.0982278
0.382265 0.129985
0.283898 0.0774152
0.29334 0.107535
0.341907 0.143548
0.385612 0.136175
0.369285 0.14187
0.362225 0.143626
0.301522 0.166436
0.31657 0.177284
0.427795 0.209105
0.361021 0.165747
0.403678 0.14627
0.388614 0.165815
0.413839 0.160964
0.390037 0.177941
0.443352 0.190578
0.471567 0.226117
0.530373 0.170993
0.53702 0.170483
0.588996 0.117177
0.599066 0.136085
0.615345 0.140456
0.617632 0.126435
0.666753 0.123067
0.644891 0.133531
0.650849 0.174611
0.612218 0.221389
0.644949 0.228885
0.659225 0.24359
0.612174 0.230978
0.59596 0.259746
0.592535 0.322214
0.613932 0.348717
0.624987 0.354351
0.608778 0.351164
0.651218 0.384999
0.643724 0.37507
0.676036 0.339878
0.760773 0.300668
0.724313 0.260599
0.714772 0.306779
0.689504 0.216889
0.730687 0.171626
0.72963 0.163015
0.737095 0.17913
0.741506 0.262032
0.751442 0.241454
0.754866 0.258571
0.779031 0.306411
0.791017 0.295228
0.783052 0.254919
0.782311 0.245562
0.82688 0.223845
0.852401 0.196301
0.766871 0.224521
0.796441 0.159091
0.821053 0.139519
0.766107 0.159386
0.731784 0.133344
0.712753 0.134373
0.677993 0.123223
0.797572 0.13852
0.743825 0.117903
0.596166 0.103267
0.613739 0.0945133
0.594559 0.094003
0.537472 0.0833802
0.701542 0.0485207
0.704968 0.05664
0.727162 0.0949894
0.769094 0.114523
0.841119 0.147218
0.901466 0.112923
0.877477 0.13257
0.878993 0.13408
0.911255 0.142442
0.900747 0.199154
0.897843 0.176737
0.887316 0.212564
0.880881 0.151885
0.890237 0.264525
0.857273 0.214268
0.842548 0.219097
0.823256 0.229499
0.894298 0.298764
0.834484 0.326168
0.819893 0.312871
0.840758 0.365698
0.905305 0.302304
0.902534 0.465739
0.895522 0.442271
0.877053 0.438812
0.814707 0.419601
0.818976 0.419245
0.793461 0.416231
0.804938 0.433557
0.803762 0.451449
0.720205 0.49128
0.75735 0.477893
0.803342 0.476843
0.818972 0.480974
0.822448 0.502677
0.824512 0.494625
0.832151 0.490355
0.752681 0.556418
0.811332 0.529308
0.758583 0.51603
0.743763 0.504044
0.732171 0.505416
0.693823 0.510319
0.68747 0.447334
0.709739 0.446396
0.730581 0.407423
0.728366 0.416989
0.740507 0.39562
0.797461 0.324071
0.766293 0.361106
0.717175 0.410665
0.735653 0.372873
0.770269 0.336439
0.779155 0.309529
0.662623 0.419752
0.715574 0.374098
0.694906 0.432982
0.665802 0.420937
0.646092 0.430807
0.615268 0.405611
0.619648 0.428801
0.6393 0.488949
0.679726 0.522495
0.740077 0.561559
0.721442 0.611734
0.738958 0.611391
0.728351 0.701712
0.732684 0.718487
0.708485 0.632675
0.711869 0.614791
0.689064 0.553751
0.656879 0.581777
0.59467 0.646818
0.629576 0.641082
0.645094 0.604254
0.664631 0.584721
0.659995 0.658732
0.693089 0.670668
0.68799 0.674311
0.60562 0.655862
0.667318 0.721471
0.690504 0.729497
0.695276 0.729597
0.691706 0.720248
0.705194 0.733009
0.68795 0.838981
0.693723 0.861043
0.736558 0.817063
0.750155 0.845616
0.738171 0.828901
0.756615 0.89258
0.815978 0.924734
0.860308 0.9501
0.826147 0.916189
0.690921 0.967469
0.828758 0.961673
0.83511 0.958102
0.62236 0.898069
0.629652 0.892082
0.61981 0.858054
0.619582 0.848249
0.584554 0.827633
0.551816 0.830384
0.536788 0.799353
0.594108 0.827005
0.610675 0.793558
0.56268 0.603847
0.23784 0.829834
0.2375 0.666682
0.218675 0.686471
0.518986 0.35006
0.497699 0.330757
0.428826 0.362475
0.442584 0.472105
0.280573 0.485921
0.0638838 0.206265
0.0535553 0.133272
0.183467 0.190108
0.0634667 0.68456
0.0167705 0.539944
0.0283832 0.46583
0 0.405499
0.48199 0.882576
0.522038 0.839528
0.581026 0.959194
0.62529 0.965998
0.976676 0.453731
0.89669 0.238978
0.636055 0.0356623
0.27347 0.00966486
0.38653 0.108616
0.713607 0.655485
0.229671 0.820294
0.2664 0.754486
0.281445 0.731201
0.151524 0.518602
0.455624 0.421904
0.0848031 0.279109
0.625101 0.0204154
0.253875 0.751183
0.924679 0.957792
0.507844 0.0526289
0.426241 0.131443
0.682083 0.461821
0.400742 0.142813
0.0902912 0.302592
0.442993 0.150924
0.150654 0.631784
0.402244 0.531608
0.0647444 0.109594
0.485135 0.149218
0.517039 0.133527
0.296565 0.530164
0.0838132 0.313884
0.0906426 0.340774
0.246973 0.368219
0.0954117 0.345825
0.234078 0.37129
0.151502 0.616149
0.848508 0.519526
0.764167 0.55756
0.745371 0.591186
0.871257 0.917984
0.87423 0.92029
0.439011 0.879713
0.950287 0.988961
0.725966 0.913829
0.683173 0.86388
