1 2
2 3
3 4
4 1
1 4
4 5
5 6
6 7
7 1
1 7
7 8
8 1
8 9
9 10
10 8
10 11
11 12
12 13
13 10
10 13
13 14
14 10
14 15
15 16
16 17
17 18
18 14
18 19
19 20
20 18
20 21
21 22
22 20
23 24
24 25
25 23
23 25
25 26
26 27
27 28
28 23
28 29
29 30
30 31
31 32
32 28
28 32
32 33
33 28
33 34
34 35
35 36
36 33
33 36
36 37
37 38
38 33
33 38
38 39
39 40
40 33
41 42
42 43
43 41
41 43
43 44
44 41
44 45
45 46
46 44
44 46
46 47
47 44
47 48
48 49
49 47
50 51
51 52
52 50
52 53
53 54
54 52
52 54
54 55
55 52
56 57
57 58
58 59
59 56
56 59
59 60
60 61
61 62
62 56
62 63
63 64
64 65
65 62
65 66
66 67
67 65
65 67
67 68
68 69
69 65
65 69
69 70
70 65
70 71
71 72
72 73
73 70
70 73
73 74
74 75
75 70
76 77
77 78
78 76
79 80
80 81
81 79
79 81
81 82
82 83
83 79
84 85
85 86
86 87
87 84
84 87
87 88
88 89
89 84
84 89
89 90
90 84
91 92
92 93
93 91
93 94
94 95
95 93
95 96
96 97
97 95
98 99
99 100
100 98
98 100
100 101
101 98
102 103
103 104
104 102
104 105
105 106
106 104
106 107
107 108
108 109
109 110
110 106
106 110
110 111
111 106
106 111
111 112
112 113
113 106
113 114
114 115
115 116
116 113
117 118
118 119
119 117
120 121
121 122
122 120
120 122
122 123
123 120
123 124
124 125
125 123
126 127
127 128
128 126
129 130
130 131
131 132
132 133
133 134
134 135
135 136
136 129
129 136
136 137
137 138
138 129
138 139
139 140
140 141
141 138
138 141
141 142
142 138
143 144
144 145
145 143
146 147
147 148
148 146
148 149
149 150
150 148
151 152
152 153
153 154
154 155
155 151
155 156
156 157
157 158
158 159
159 155
155 159
159 160
160 155
155 160
160 161
161 155
161 162
162 163
163 161
161 163
163 164
164 161
161 164
164 165
165 161
165 166
166 167
167 165
167 168
168 169
169 167
169 170
170 171
171 172
172 173
173 174
174 169
175 176
176 177
177 175
175 177
177 178
178 175
179 180
180 181
181 182
182 179
182 183
183 184
184 185
185 182
182 185
185 186
186 182
186 187
187 188
188 189
189 186
190 191
191 192
192 190
193 1
1 8
8 10
10 193
10 14
14 18
18 20
20 10
22 23
23 28
28 22
22 28
28 33
33 22
22 33
33 40
40 22
40 41
41 44
44 47
47 40
40 47
47 49
49 40
55 56
56 62
62 65
65 55
65 70
70 75
75 65
194 76
76 78
78 194
194 78
78 79
79 194
97 98
98 101
101 97
97 101
101 102
102 97
195 120
120 123
123 195
195 123
123 125
125 195
195 125
125 196
196 195
197 126
126 128
128 197
128 129
129 138
138 128
128 138
138 142
142 128
128 142
142 143
143 128
145 146
146 148
148 145
145 148
148 150
150 145
150 151
151 155
155 150
155 161
161 165
165 155
167 169
169 174
174 167
192 193
193 10
10 20
20 192
20 22
22 40
40 49
49 20
20 49
49 198
198 20
75 194
194 79
79 75
95 97
97 102
102 95
199 195
195 196
196 199
196 197
197 128
128 143
143 196
143 145
145 150
150 143
143 150
150 155
155 143
192 20
20 198
198 192
192 198
198 50
50 192
192 50
50 52
52 192
65 75
75 79
79 65
65 79
79 83
83 65
93 95
95 102
102 93
119 199
199 196
196 119
196 143
143 155
155 196
190 192
192 52
52 190
190 52
52 55
55 190
55 65
65 83
83 55
55 83
83 84
84 55
55 84
84 90
90 55
55 90
90 91
91 55
55 91
91 93
93 55
119 196
196 155
155 119
119 155
155 165
165 119
119 165
165 167
167 119
189 190
190 55
55 93
93 189
117 119
119 167
167 117
117 167
167 174
174 117
186 189
189 93
93 186
116 117
117 174
174 116
182 186
186 93
93 182
182 93
93 102
102 182
182 102
102 104
104 182
113 116
116 174
174 113
113 174
174 175
175 113
179 182
182 104
104 179
106 113
113 175
175 106
106 175
175 178
178 106
106 178
178 200
200 106
200 179
179 104
104 200
106 104
200 106
200 104
