0.6232942931376036     0.7423787656320141
0.6644446286479918     0.7602553492707746
0.6823514614416658     0.7700232704670033
0.6554858328380219     0.7576391732665261
0.6478495835938789     0.7982954096737503
0.6347321480906326     0.8557997541777371
0.6378789921285227     0.8660158451563505
0.6763085940283065     0.9083444778179297
0.6560967066404901     0.9094445137159749
0.6535107060572547     0.9003478138756473
0.641170000186742     0.9168444845063269
0.64559212786084     0.9275625234904927
0.6552957171386118     0.9256387483607693
0.6558777596017423     0.9556526663896109
0.6254945139169622     0.9659983939418149
0.551267929858246     0.9738565084342151
0.5487480342969885     0.9905421241134273
0.6910898716736659     0.9674688128682041
0.7146690815741634     0.9713750524777081
0.7144799804857366     0.9572308216300284
0.7321458623700485     0.9506797376200908
0.713645067703469     0.938158751125614
0.6726192391695273     0.9413500026621534
0.7403867396416687     0.9231679487314156
0.7523690214763981     0.933519604269343
0.7378021065083057     0.9192298584339501
0.726115145036272     0.9138286586514166
0.6938896522583319     0.8610434639059104
0.6833451562253944     0.863879964199515
0.6881203258718311     0.838980595825326
0.7367013841815763     0.8170634828796839
0.7226895238584244     0.7658842639850671
0.7398835695716923     0.7535276440232204
0.7299646620286436     0.7320212889480007
0.7053547180066921     0.7330089379847304
0.6906730002722392     0.7294974322645024
0.6809399377523703     0.7435248446298023
0.6833779938674378     0.763359616146255
0.6674995641789535     0.7214708634864594
0.6954418115369566     0.7295967127852342
0.6918741555151192     0.7202475046878745
0.7098417224454061     0.7047195985967389
0.7284986463602099     0.7017120053667733
0.7328297015409921     0.7184869809791616
0.7538926673050315     0.6704328499668283
0.6932560881658876     0.6706679376648195
0.7137627446049584     0.6554847946462284
0.7086434741519496     0.632674706925463
0.6881597881953864     0.6743109490960761
0.6648600235955283     0.6423257451024683
0.6601803017723193     0.6587320090204971
0.6295395648554352     0.6913389981936543
0.637270673661754     0.720976516177584
0.6158354972318397     0.6993728771805506
0.614552063237516     0.6705101394076467
0.5948905743575091     0.6468176106264707
0.6058350149590856     0.6558615906769115
0.6297773907822103     0.6410820029262129
0.6513348627944049     0.6283646093734685
0.645287176146971     0.6042535990491076
0.6221010971060421     0.5897826247302977
0.6121774758368171     0.5905452317659277
0.6036719835123323     0.5908406024519552
0.5963082155060869     0.5642033705552962
0.6501066308171937     0.5810284339948003
0.6578606371840515     0.5621343146996247
0.6726161540854855     0.5215866395588571
0.6892332414546739     0.5537514816683492
0.6648133429996123     0.5847208142866761
0.6570659902482193     0.581777395233936
0.7120255998459796     0.6147905660000027
0.7702600195586425     0.6914039118731802
0.8536449635455452     0.6618196151181257
0.850412138064675     0.6185739723691281
0.8515529542666362     0.61777732020252
0.8449128218962404     0.5828454006889409
0.9056626418580404     0.5932884216385687
0.9008039854349447     0.5556339496847096
0.8969590876661907     0.5066406248506273
0.9108020811337013     0.6139431482291339
0.919359468274309     0.6084199264253918
0.9219388621756821     0.5986786396627927
0.912390330703238     0.5575033866140396
0.9380311663336236     0.4774626535452239
0.9396460326335299     0.46620233988128396
0.9475067963716449     0.43881705342945154
0.948430301514731     0.47554174201371135
0.9577566348001383     0.48721460073067613
0.9766885957453684     0.4537307388250114
0.984964293392301     0.4919986335376271
0.9731327515113702     0.37986866428477045
0.9325300615787788     0.4021099461627631
0.9251515248010013     0.2991864940319593
0.9317803138472066     0.29178958947505673
0.9358656854077512     0.3282397286519517
0.9391884320374528     0.37427856914670715
0.9443057968501245     0.3124385757273896
0.9293785803152697     0.2773126420189843
0.9298324732778185     0.274540855381143
0.857350466794518     0.21426781473233064
0.8790584625342799     0.13407952145840113
0.8775438619441635     0.13256955659639685
0.8524810398172412     0.1963012537308084
0.8269745598239934     0.2238449012543844
0.8233519622495711     0.2294991266342119
0.7669976698535597     0.2245210353482205
0.7824297172117296     0.24556171594222106
0.783170449784741     0.25491872686516065
0.7549993202490097     0.2585713528232213
0.7515774372190084     0.24145404626567835
0.7319302888094709     0.1333440827567302
0.7372384883599626     0.17912962640373217
0.7308337936970959     0.17162556691040146
0.729777508998526     0.16301545891803912
0.7129091045050843     0.13437294543604086
0.6781680322907477     0.12322270989746321
0.6669347943361159     0.12306695400597854
0.6450847535549303     0.13353106120727362
0.5992842984158289     0.13608475865034153
0.6155543202090734     0.14045599173014917
0.6510391855056565     0.1746113971836198
0.5306292577123072     0.17099335626694473
0.5372721767192429     0.17048326451889814
0.5173017964535293     0.13352673097885795
0.576488801152637     0.11439798146284638
0.5963861422852955     0.10326688845638897
0.6139490621917831     0.09451334191834158
0.5892199533223624     0.11717690728231968
0.6178406676605672     0.1264352606122502
0.7273106497805452     0.09498936501230992
0.7692197196273703     0.1145230203473731
0.7666058742607178     0.10600886863292529
0.7976819186023946     0.1385202364709654
0.8211502636244405     0.13951942940678488
0.8412051752994384     0.14721800479686026
0.7662347127191413     0.15938601987267564
0.7439643232578704     0.11790316776008707
0.7547963473672167     0.22665827386242218
0.7965516739532137     0.15909054263575786
0.8497991438072823     0.14585066437966746
0.8389979289846754     0.13031324300935884
0.8289796407458507     0.06421990445584068
0.8123699556287585     0.06807425834510293
0.8719142156780072     0.039382796077728835
0.8900192708258676     0.025946108660157764
0.9295894368643144     0.02039173981086109
0.9363843512362977     0.05339603986435747
0.9058588732822358     0.06715460859604754
0.8702719203760045     0.062363122802579746
0.8442035998384775     0.12025101108999983
0.9104304602134585     0.07907001379694618
0.9251009117236925     0.07950266547820499
0.90152016797548     0.11292322004234118
0.8809457138400102     0.1518853051554474
0.908632996145047     0.1492201045074058
0.9113032782374715     0.14244244510803875
0.9568792774510033     0.11619501151079614
0.949680237942277     0.1107391722605805
0.9457026934325256     0.08762020117821848
0.9325357957469202     0.0770493209791212
0.9456846655878576     0.07185478518254372
0.9382147849934913     0.03070305187738608
0.9469710034997025     0.04324063060821575
0.9761122233794074     0.005841167663888204
0.9757798474552221     0.02245713146164632
0.9976957308207284     0.12991203930076312
0.9770610431926444     0.1279826918960992
0.989772817568773     0.18349403795857153
0.9948683277276092     0.21655839067107008
0.9902146306372617     0.20116471686515797
0.985074766586567     0.22834165856428876
0.9672382613153369     0.1870544069898144
0.9008007768624279     0.1991540726234333
0.897899111415709     0.17673727742232165
0.8796526126870725     0.1929276135557158
0.8967465440605873     0.23897802659602155
0.8873770337096039     0.21256398579758723
0.9682014091705616     0.26322814246451076
0.9895166999542149     0.29315591315873496
0.9811431332734704     0.3228635896582393
0.991207318577658     0.3391944790357057
0.9922451311274204     0.323783875318623
0.9976876048659119     0.6216978250403055
0.9786477835885202     0.6213748012598987
0.9880409263222738     0.5546343367700266
0.9879154283908156     0.5430399106725461
0.9873888679612869     0.5338327786987891
0.9816656505169569     0.49655575209741776
0.9853295274209065     0.5416726360304546
0.9571789706701318     0.5911468481422458
0.9753447050839135     0.5442747871386535
0.9478886285978304     0.5971291138133275
0.9029788970245538     0.6455908581941577
0.8967057274975595     0.6545678935776764
0.883476182113701     0.6810566283113745
0.8705056157211973     0.6888543702367141
0.8833268836219628     0.7141534937544484
0.892681724431729     0.7214276336642634
0.9591180021046317     0.803588329509628
0.9261052985811389     0.7083415440943265
0.9351735191661062     0.7275335632297746
0.9467424039928752     0.7566796214767992
0.955417435466961     0.6875811151371187
0.9527029150092527     0.6816199184473515
0.9371432950900979     0.6648413050212122
0.9440110727751952     0.6494372030796158
0.9604836836138142     0.6273969997991015
0.9789155423265681     0.658030842982399
0.9733757881558405     0.6655477844013442
0.9756553133210786     0.7025418724724809
0.9894823041400601     0.716868596699248
0.9960370298956167     0.7407825426209094
0.9897373057623734     0.7887042211229647
0.9831068553422685     0.840938624014114
0.9831073736008578     0.8731812695488085
0.9999999999999999     0.8529981339857634
0.9768033079246434     0.9574069983545188
0.9618079777013645     0.9145782853154163
0.9750351220780129     0.8533852551677731
0.9440667356379607     0.791197403939322
0.9391879904417688     0.7954411953637819
0.9249798861089915     0.8378560497299938
0.9209804401316466     0.8364151003354308
0.9540589447404165     0.8952873239074166
0.9575765315945517     0.8979602300628082
0.8962004837812039     0.9016622866783799
0.8980198092933326     0.8861188935236414
0.884763194685185     0.9295334741531488
0.871327223785468     0.9179840078254002
0.8742989908755691     0.9202897176423028
0.8308319428981612     0.8793668445255672
0.8501314331247013     0.851694683431993
0.8539950240442453     0.842450312890242
0.8375154578627849     0.7449723893535355
0.8042545831691837     0.7136512837195867
0.7902581712921894     0.7124434363777423
0.7602971820908246     0.7218163554822842
0.7754148457038219     0.695122871828107
0.7479630270513855     0.727795131310455
0.8160244346486765     0.7485405513536453
0.7957982425676102     0.7680233978788437
0.7913422191009395     0.7721393248060227
0.7377405882065691     0.8117517093586943
0.7822286116605485     0.827515363067915
0.73831382577772     0.8289006520107197
0.7502912709160863     0.8456160963996298
0.7567476390595587     0.8925797461533442
0.7689129746559582     0.9428124367031869
0.7710506425023921     0.9572371056204365
0.8288510634501937     0.9616729211175759
0.8351996694648451     0.9581016478090828
0.7957268971184931     0.943321235393084
0.7680116533270425     0.937158660264401
0.7922380092366026     0.9313856745944398
0.816078159817794     0.9247335044976049
0.782541541194846     0.8681533254196142
0.7900984883611474     0.8607185683202877
0.784804048175926     0.8366526789690973
0.797761669852632     0.8604501355631385
0.8262413042971741     0.9161888181609921
0.860384252764645     0.9501001177314863
0.9503136198259323     0.988960586591941
0.9338215389003512     0.9468556366258148
0.9247204551789453     0.9577921715435469
0.9302984836511349     0.9429142155591848
0.9434731591362967     0.941083886161935
0.9526342382562506     0.9510462349297248
0.9578782648465146     0.968903412337776
0.9793692043030868     0.9992831790606026
0.8535898881764248     0.9877703549311111
0.689621319335903     0.9976732790351284
0.37873234182711213     1.0
0.37719248656831333     0.9893225630114943
0.42236330924039145     0.97300029960597
0.3993144669906968     0.9833138992725626
0.49579873451168344     0.9635969426764919
0.5329199894001267     0.9705740328045551
0.48215646851692906     0.9125435038233224
0.5149630428916752     0.9190736321126927
0.5503021201430258     0.9586473619834166
0.5820607708085583     0.9667571647229433
0.6461486743580297     0.9531295914055139
0.5812545250843987     0.959193507154907
0.5736245362478531     0.9129571773033855
0.5687174766883175     0.8972202352720294
0.5061410854751951     0.911248933398489
0.4659726410253466     0.9100699977715068
0.503870893946512     0.9017470688897463
0.48227179217479493     0.8825757513370375
0.48844153481999714     0.7300797086989651
0.46320092465489787     0.81737563940347
0.4424275828952177     0.8174968289512335
0.39292043754859735     0.7790827652130696
0.4447794351907685     0.6866559746286797
0.4413124867497157     0.650581302852798
0.384324969608862     0.6367577820577337
0.38196298463688466     0.6342961685118695
0.37460082006332446     0.6842347503972612
0.37313060555238026     0.7758240306417818
0.3636124185645023     0.7050094320709449
0.3512270440847257     0.751786239855693
0.3337786855114992     0.770453777436923
0.29657454059481747     0.8307380767890937
0.3234340992499026     0.7971314287394848
0.36150516837937496     0.7866758993072859
0.3706759498921914     0.7844051270588926
0.3185902045869841     0.8510804118801536
0.320831717009159     0.8573041788592191
0.2875360261077892     0.8897861280994297
0.2795944487771836     0.9171800046488697
0.2926156192056498     0.9188347572651021
0.27389505061919406     0.9361140704341961
0.29397586617384014     0.9464228141804866
0.3401210089988208     0.9250431768029429
0.3691532046141894     0.9388067303184082
0.386485976297377     0.9347712177635344
0.4434247435839929     0.9184282129863499
0.42656686780631375     0.9142273673506777
0.41347675225729275     0.8749838465407443
0.4393166704414614     0.8797125287609098
0.39040369056064267     0.8576386506941259
0.3502148720517269     0.843612009882331
0.42103536633082006     0.8383957446239756
0.4530850350433138     0.8724930327977879
0.47045441941180094     0.8905745541327746
0.45586967482713503     0.9174081696395867
0.46840843078855143     0.9404233788464332
0.4720008615571842     0.9462794358017029
0.4012821654073832     0.9745084226881671
0.36871556447035747     0.9837043694776224
0.2894252740799051     0.9623754130919546
0.21864889925278377     0.9752177504974805
0.19187802688758987     0.9852203941806749
0.2634584397882477     0.9476506044534659
0.1906816404205001     0.9508540461259605
0.18095106152353643     0.9560685614397517
0.20483057771065272     0.9418449015903424
0.23663332649641214     0.9210198142207244
0.2379244828986146     0.9039986426723292
0.23825527514772166     0.8298342028498759
0.2677973158599961     0.8127655751814907
0.29478126185416836     0.8172975457807102
0.29873871697692894     0.8125899658746821
0.3078008804578546     0.7782145988642193
0.28647878228074924     0.7813751109154897
0.2789202517202024     0.7819466107358852
0.27585216637496474     0.7843415807157188
0.23009093824026072     0.8202937616258791
0.2542816808276412     0.7511826220271881
0.219100874391162     0.686471334516242
0.22914006880288518     0.6973301780787607
0.21968764189279733     0.6656601549335751
0.21565271906293132     0.6686537162797693
0.1631881126465923     0.6992613758861592
0.09868450242267279     0.7182500273932381
0.13081055925481413     0.7314851029001068
0.19656598842861     0.7563475961269763
0.10802492293942674     0.748999030583488
0.09513845428399324     0.7422885723508085
0.10874175465604133     0.7560136773992701
0.10487050684633589     0.7586815233452924
0.13169707146985107     0.7601718371993579
0.1482223556398891     0.7815634529422623
0.14403890748856663     0.7858937315200036
0.12227255164892066     0.764779568015648
0.11505222782741834     0.8320864696585197
0.13855091981744844     0.8329890720873072
0.16619214553861614     0.8373439956940886
0.1492510456971506     0.8454688995119258
0.09826593793536609     0.8630353698778068
0.08759004922874877     0.7730393372503923
0.08439158181702255     0.7778283484454651
0.06599202751778213     0.8370018713241459
0.04590896811291443     0.8897009111444578
0.11126352355256319     0.8860562598030016
0.19200751171687397     0.9057067687921295
0.20651695933749686     0.9220825872585522
0.16234247480961123     0.9350167856164245
0.13403574303211796     0.9486339612895506
0.055636527353581974     0.9169035972614489
0.0497663695649724     0.9730344219928633
0.12254309173812107     0.9563238305252408
0.10258816195183246     0.9984615559926516
0.05223781031142208     0.9789303934639593
0.03751906463874717     0.9725362296243276
0.0016601049287866007     0.8721768533715447
0.008031468819069024     0.7717637836367016
0.022479892378309045     0.6722030087034668
0.05568055269933041     0.6978261570147545
0.0254580064307293     0.723163665976855
0.029368835674776213     0.7255750882555319
0.01445620284194551     0.7790253555244406
0.017966086461889297     0.7883940106762176
0.03540529538951852     0.8190460758441953
0.020177070853946592     0.8853045558133539
0.036545294709380186     0.9466757972490237
0.04902031512324082     0.9601678264321618
0.032005518916950804     0.9253658407164168
0.030859742443745     0.8812102018675502
0.06080036934851999     0.7799072309754571
0.02372257236587581     0.7701902067314614
0.05241805535077309     0.7211670803813038
0.06397707529212725     0.6845598729836982
0.06929877315061139     0.6435724637709694
0.0032696757745854558     0.678437190019614
0.0020751588481824367     0.5907232895988004
0.058415043413659884     0.6022113402474784
0.03278126250942254     0.5773532418571995
0.04534886452365147     0.4997771334143698
0.03263174063340073     0.49381063182068785
0.028912713611314148     0.46583021376557326
0.034140117119771225     0.4567505145874765
0.038205553256793014     0.38558461835840296
0.05031969480976374     0.4209049329231368
0.0464062612974939     0.45934626011354424
0.05040552113217535     0.425921050466582
0.10414743305557254     0.4162865854156558
0.08373364376977066     0.4033672695048535
0.07385110330228374     0.38126514193082794
0.0660091360395355     0.33999046447666864
0.061483664251492376     0.26040112063739107
0.045525868821902404     0.22409656970274916
0.03634246271757192     0.2523338905404317
0.03101372153707297     0.2698617063963261
0.016305065332389426     0.25076247355797143
0.013008694626905173     0.21659108464649957
0.01037966071755906     0.30470618158750257
0.006277976275255317     0.30688045869680647
0.0031804003696272913     0.4288278914072129
0.017306282525892377     0.5399436103225922
0.01147390942385973     0.5473116560313293
0.013097874486991871     0.5328653449243652
0.000544948366261941     0.4054994886641527
0.005431318404189087     0.3020339960612437
0.0029742837982477547     0.2593832856871643
0.0     0.11922541736960483
0.008969595289565617     0.04635188458658485
0.009538732836735586     0.042913074641222154
0.027378514041385783     0.05026076584160681
0.11267254364348632     0.036334084441748384
0.09588804041984762     0.0640717408844745
0.09276526852071008     0.06648741193211548
0.07194654834254607     0.05720108434322629
0.05975762380917327     0.08760666798083531
0.06856506930790349     0.08489211829639008
0.06525405116083796     0.10959449945182605
0.07581873944245081     0.1088684920109025
0.09001988977445158     0.11069747601654442
0.09113654481319962     0.12452500001645585
0.05407102940632774     0.1332724119612442
0.03238324645575544     0.12174261357695064
0.030387540146668654     0.1153169074172162
0.029349362454791725     0.1206639312876082
0.027528371218564336     0.15980545804297236
0.037658632135916935     0.16935170758627968
0.037193674098146286     0.16979918225537927
0.0422803941330735     0.19017651552629544
0.06439389158547183     0.20626512686925283
0.08915487089378009     0.22005758196527445
0.10405645517255674     0.23792516247130302
0.07331939420513658     0.2709770525924093
0.05809217625809635     0.22795663126390586
0.07327142076920003     0.2795242506935448
0.08722399396953658     0.35592194555935036
0.10010127486995281     0.36942653649730733
0.0917787620613706     0.35582418118618414
0.09113813565644009     0.34077435112761295
0.09590462291117506     0.345824629221816
0.0843124502123534     0.31388438645758343
0.085301793479226     0.27910852631259336
0.08909401942266695     0.27224874513319364
0.09078695933753302     0.3025919478872305
0.10818690463025928     0.37928637742832666
0.10519238523401389     0.4394896004129743
0.11566510951160959     0.3117109806595745
0.11818315266099844     0.3170757365183626
0.130108282370772     0.357205025575069
0.13800154134827636     0.35101373556298826
0.10660150182660943     0.4347195270017343
0.14663123508029924     0.4867859819843843
0.16924665381868867     0.45786182090117883
0.17538645248618384     0.44609170109445256
0.14888770207576066     0.42548881867725713
0.1814112317920892     0.44569728415263177
0.17741870247565536     0.4747261180628446
0.17941676345628438     0.5088965705482265
0.19212148490378997     0.5337750835464177
0.22011938132533407     0.6102349758407414
0.23065977972615698     0.6145341332481883
0.2304974672875211     0.5487252942928271
0.2409961391822347     0.5690217963886075
0.26334554398312376     0.5520025802496548
0.2808617756240031     0.6057703871159059
0.2631602678510852     0.5456744650608346
0.2874093321091676     0.6185234311957634
0.2934025391021058     0.6294446984567812
0.2846398697809435     0.6569935836951029
0.2554589122026042     0.6198609905404009
0.2414515064567941     0.6679688583081678
0.1388048514479898     0.49144883819673674
0.10782753820657891     0.5118377552860576
0.0959822050040839     0.4777812519905232
0.08969188917908942     0.44657236594901556
0.06132606060020013     0.48493102987242426
0.05598908469813121     0.500804596785188
0.06360161763863076     0.5221135682062025
0.07084909478931817     0.5372759872185091
0.06262380852303714     0.5662396802850386
0.10519379601169675     0.5807482980915103
0.10789028340333383     0.5661589624706652
0.1079524105644772     0.542250815658055
0.15198677161062005     0.5186015102801097
0.15353694644038499     0.5862270698470401
0.11884908720429235     0.5923840148915513
0.14973610277738736     0.6110212168110686
0.16744238898117006     0.6332476461548215
0.1519643797923514     0.6161485400845647
0.11752852182259992     0.5974760312651803
0.09466844592445377     0.6060044559791508
0.12186936561759734     0.6221113074860721
0.15111643155091106     0.6317840566769735
0.10292171672893746     0.6324746165493822
0.08139131132701731     0.6270160166856847
0.08519677839042222     0.6684422700448273
0.07105985890942086     0.674881189670093
0.1178933974284162     0.6690553754589762
0.22103910306432797     0.6395536012970232
0.2379155315660627     0.6666822528366446
0.265832610478242     0.7310524974389921
0.2818366434730759     0.7312006921629897
0.26680022551927324     0.7544862572064123
0.28425388091533066     0.7447560638906254
0.3518467216699372     0.6954938936847124
0.35915673994526875     0.6870778070686095
0.30013586479664794     0.7293619250304618
0.2914460879121538     0.7136117447242959
0.2507808541694234     0.6721371114928375
0.2626903001147344     0.6763966929454853
0.32825235796539887     0.6865839260540918
0.29122224226252863     0.6749635266089636
0.302534629361812     0.6077348127893708
0.30148905312607865     0.603508837730346
0.31970421310839947     0.6254226629336809
0.33105922221133544     0.6847748645053912
0.34805246376949805     0.6445188897775445
0.37682009095355445     0.6255287056935086
0.3679881311663666     0.6168476833366376
0.33889250874198645     0.612193123780774
0.3629777548305595     0.5939414009241688
0.3366289574101132     0.5920982671105439
0.36636737956083165     0.5788834566180369
0.3888132489566759     0.6292452914631113
0.4254333873692967     0.6220407907798153
0.4516957366319662     0.6573143668159143
0.4376067866430503     0.6139684646711399
0.43493424989307     0.5939242849139094
0.4432485729665726     0.5668011882104714
0.4463828851558543     0.5606067106220164
0.46602295608968225     0.5455691361766108
0.4256239875598463     0.5290651271123675
0.4269384150214908     0.520886276696379
0.3467475940692444     0.47536954222494165
0.2949375314516497     0.45334512699157653
0.35804701164704084     0.43621691142448754
0.3077460304727517     0.4492264456519619
0.29787136655214186     0.4502095015119586
0.2555224850461234     0.40759861466990766
0.259180817945656     0.3638793344718766
0.296095248019834     0.3369750464928027
0.3477970811278977     0.3451143110197913
0.3445469076857056     0.354846571628433
0.3061461213882398     0.36527800065799215
0.3122160620975115     0.38292915279623635
0.267140042882782     0.41218950198539045
0.2786393741343949     0.4101725472912497
0.42913736479723874     0.3624752050058415
0.40856601576427876     0.3293300008829253
0.3928661424461902     0.3171605512278576
0.33805665915256083     0.30994892055511053
0.2821845324853893     0.333817843465981
0.35889865260934073     0.2978403249804296
0.31234219060670226     0.2790477363112532
0.30571320978684596     0.26759507150910644
0.2857418374074557     0.2642671735799721
0.22849008866228415     0.20512234162227452
0.18391171461246814     0.19010762694999844
0.19443574745441916     0.21932969950130607
0.2090383684028401     0.23432535320219422
0.20951126588173097     0.21534071623401263
0.24580087008157767     0.2633173065691792
0.2541584242012342     0.27737739442662673
0.22884945305671822     0.2810463967520886
0.2436326965095078     0.2902385886908146
0.22640453553222584     0.2914598832884633
0.23363391835521086     0.31364111570273484
0.235094607673791     0.3332884958363935
0.26533414186543713     0.33042375436372995
0.25929821726260577     0.357627512180183
0.24738311220087084     0.36821926849106307
0.2519675550605238     0.3563246433247745
0.23449558810824167     0.3712903373324547
0.16155321577079046     0.2870120863484134
0.24438128699535244     0.42293052108188484
0.19352120025812886     0.4169313953391773
0.2783322098848102     0.4497016160195305
0.2600578545560535     0.45779291958760393
0.2210921369715638     0.456242810026627
0.256328003544623     0.4707353056867611
0.31593484834283514     0.48144764337562806
0.3188875452732686     0.4998801687544729
0.3469135641464476     0.507127747699025
0.370638917463699     0.5303628891823305
0.40256997104937137     0.531608031276862
0.4279647105610701     0.5760024110656619
0.4288840382927499     0.5773452917001792
0.383511085596909     0.57355556692441
0.3022513048627052     0.5601030410446879
0.2969484123793834     0.5301644485353117
0.28096525738300004     0.48592069550501066
0.2865160842166657     0.477158998558443
0.2576462423344091     0.48041555517208306
0.27346059713402693     0.52634930243193
0.2087997038618555     0.5169691462190831
0.2352436794359242     0.48226632125416985
0.2074170073678377     0.45413131018370934
0.18483770864632718     0.42917581792235643
0.17340413480100603     0.4118052048565466
0.18477425987793503     0.3891953294323958
0.16167885272890523     0.3322084164018979
0.16145134672185565     0.400304065228822
0.1488006121779219     0.31458206324797505
0.14506029754985095     0.2677685218431087
0.19990098009579016     0.2859759937674431
0.16911866773721165     0.2698942032167753
0.163370435403847     0.24042756038665417
0.17121400646932194     0.22489502815323162
0.15543199282957842     0.216264127589923
0.13418967958239908     0.20256334950702024
0.11947726758989971     0.20241562808111763
0.095108665652468     0.19610545619627953
0.07901268171695605     0.1865302916870308
0.06536548177200217     0.17524416783182686
0.053586815531516334     0.15057062219636747
0.06586652438542222     0.16915813885795722
0.07814389827489669     0.1486349153141771
0.10076257282098816     0.1933564389158054
0.14938097030435366     0.20228022139832277
0.1333767213965351     0.16749565726660487
0.15468339569399953     0.15882204924869117
0.2677909608218779     0.15454073181963207
0.2960533609992908     0.11656967874584474
0.22315404231244892     0.11579902472585354
0.2449333465561471     0.08400179002407097
0.24547067079949306     0.06108757276002429
0.2435462794364844     0.05008769820862246
0.23054452270700515     0.0778718826465333
0.1947847073027788     0.10188159578201211
0.10329116095679608     0.1025850526232899
0.12014223076829499     0.08027908465203384
0.12980335474889618     0.08165878184818924
0.0937750851452662     0.0708772053388579
0.14570471631076407     0.06479009600921092
0.15665788710636216     0.09251877013901973
0.2052982395187233     0.08788558824628909
0.16154519962886288     0.048179468551904345
0.13947555914194773     0.05321406121524791
0.13729798331366325     0.05158474010147616
0.20245664365347177     0.039067761081973865
0.09696177597087333     0.03277148861000265
0.05676407587174845     0.014056488220480319
0.10490462980370746     0.005571836746542527
0.15690576461068226     0.02065877300226122
0.19340183724055016     0.03526691572644754
0.20107043086001936     0.024524765795861762
0.1965739337240745     0.018067497117326872
0.14954825818358602     0.008496795479378757
0.2548630990158832     0.025637612739208875
0.22626229908489515     0.026476731132637037
0.28254347313702133     0.03606994686904678
0.31738721677332565     0.02664670395645257
0.2738656614853456     0.009664855964223392
0.15042745644067557     0.006362937948630369
0.28814082501795274     0.00645635314459692
0.29877034866943214     0.0010609275531701663
0.39361487837394527     0.002523950426246612
0.49482791584183367     0.0007722983101091713
0.4054942610720168     0.009794301556255356
0.37662662152600956     0.009655909532427407
0.6253050129841409     0.020415448387497776
0.5220870010461672     0.024392051934389744
0.5170741153701472     0.05276036939309311
0.6131903411361515     0.04394655378834372
0.6227972388925459     0.04318324939760862
0.631264265056543     0.04147970220348173
0.6367357533956961     0.040309046158185424
0.6362533928427401     0.035662336928413835
0.7287736853954666     0.000607112574309452
0.8113261046091226     0.004690319352518335
0.7608522370361239     0.0
0.8940806034152916     0.0005085526854798416
0.8376650138102355     0.0427923008237889
0.7344141038113988     0.04103723511966018
0.7165361861934862     0.07169299118283622
0.7017047442646318     0.04852070270869986
0.7010584582951126     0.04765769191739371
0.6813362038824425     0.038649114352732716
0.7051285225508392     0.05663998898749438
0.6841628140194576     0.0700363897797474
0.6208245438305564     0.06063472906011428
0.519188235499171     0.08217964761753536
0.5081117312909562     0.05262894623024724
0.4089301404699609     0.025926958878687404
0.41038763696682024     0.04457061592804484
0.33052569664638093     0.012022984725723378
0.3459196819498328     0.020987508642023946
0.3740688453091859     0.035672038653079136
0.30608258950331     0.05097239019574497
0.28563821005958057     0.06317158703654153
0.39752724819087454     0.05978217243193038
0.3868638985621113     0.1086158700365599
0.37395176760119914     0.09822780967550925
0.35290824288039474     0.07878684104159239
0.30479073424961     0.0823605955040574
0.28428810045532577     0.07741517879737649
0.2937255657160099     0.10753496807364556
0.3497147113687988     0.1285412879903579
0.3019027864836374     0.16643615027852393
0.27715481869746683     0.20099603482872958
0.34263331350066023     0.2088669903749335
0.30155770852957653     0.1799543064970135
0.31749385672319236     0.18135954919757868
0.31694255061020493     0.1772844498313571
0.3669029160450156     0.14717334569873447
0.36962828487671906     0.14186995917219158
0.36257271509968614     0.14362597846654862
0.3422656552113236     0.14354784554835476
0.3859468333828718     0.13617496339050267
0.4010686022855813     0.14281293315004628
0.38260146099914766     0.12998549363556544
0.38982983052467596     0.12444233698694103
0.44329634538681423     0.15092351361290512
0.4265534583555132     0.13144296518936333
0.4663865176420882     0.10245395153062134
0.46583758083588916     0.09944698142207564
0.5377236083969215     0.08338021005102172
0.5947799413747671     0.09400295936578745
0.4789796854750224     0.11722545654724277
0.48541532346836097     0.14921824705047126
0.49268833483078167     0.1702268902692657
0.4931106575370226     0.20942882851006345
0.47185450308443644     0.22611711463026704
0.44365514846109927     0.19057833713155806
0.42810674845652585     0.20910529692249485
0.3903694195427765     0.17794102767040318
0.41415815727410343     0.16096389291944557
0.38894692629583133     0.1658151546846776
0.40400303581567487     0.1462699474739856
0.36136875874638524     0.16574670172553937
0.35194202157438015     0.24814433984668893
0.3457831772733166     0.2424013345065811
0.3119294845540205     0.24761045008300317
0.32761445913899306     0.25025932340783263
0.3544490121656466     0.24972154792540646
0.39292242619171797     0.21547952893964445
0.4061033560267345     0.23722655750234292
0.40812900867528296     0.2665402603551754
0.38228937400365537     0.29055645540149755
0.36443443492227523     0.31183292013709324
0.4157148946104305     0.31915632957508944
0.4319068972313489     0.3145670249541941
0.45369246090613224     0.3104348175419423
0.4351040808556677     0.30640064272271306
0.42080531286729744     0.3139259930891795
0.4701045829169188     0.2864669249277653
0.4579769039499027     0.2778421469390816
0.4547486651876187     0.2863264977999996
0.44371366474713125     0.2930706386288925
0.4216432365314713     0.27084169738618
0.4377174972888377     0.27211920662611877
0.46933599078734745     0.246475636283293
0.4683030522854769     0.2830968905712371
0.47931753973247     0.29098726211282594
0.4989423890304902     0.2946399405479728
0.5240871888562273     0.2688712010641587
0.5848827667760568     0.22794299280767857
0.6124295447560063     0.22138925001768825
0.6123854269383174     0.23097841627071472
0.5943432278313294     0.2384767856585121
0.49797223789154205     0.3307569042937247
0.4792887176661887     0.35419176807890784
0.49961410558229363     0.338509429174301
0.5192476403365736     0.35006001679578563
0.4559210957398054     0.4219038130670437
0.45835505784193875     0.43859805163651283
0.49672150069053594     0.421829792205615
0.5164661683764674     0.37288189260029275
0.5290564156986101     0.3888450684158829
0.61985517168414     0.42880095190938883
0.6089908173688205     0.351164332959209
0.5627757365585893     0.3570456622136908
0.6154776148916697     0.40561096252870016
0.5437939043683888     0.37526366094818253
0.5455500093210288     0.339405225984041
0.5338174904388676     0.3361490352077492
0.5454731204970713     0.3124448259291548
0.5653181915704526     0.2899422907877923
0.596180447101164     0.25974589444144114
0.6561401705452341     0.2620190809677194
0.6451425391871962     0.22888499499351747
0.6594111056603562     0.2435902220685434
0.6896727396026138     0.21688906532018382
0.7014225022724868     0.21913250871012838
0.7244629845238137     0.2605986982034522
0.7416468601422116     0.26203169344724914
0.5806407087323556     0.30218358072541174
0.6968998368353697     0.27326295806697215
0.7609035894390395     0.3006678534682086
0.7149274639337763     0.30677908986529
0.6877245466929369     0.3287999365860721
0.6762122432406068     0.3398776006051161
0.6750475940181838     0.3372870529552576
0.6439178080878567     0.37507029036491546
0.6251916204464582     0.35435094054073435
0.5927573775103054     0.32221409080725016
0.6141424985885025     0.34871659027231516
0.6628065864408641     0.41975208664678126
0.6462849880694264     0.43080686017596553
0.6876401888888012     0.4473340814013383
0.6659836689622048     0.42093721880074925
0.6827682157696096     0.38696398967132395
0.6514081317246756     0.38499869930350694
0.7157294774070778     0.3740977556065285
0.7374540312484467     0.32220898152265026
0.7703944716777277     0.33643885926604017
0.7791513976630108     0.3064112214210673
0.7792752714390732     0.3095291623001727
0.7664200835934272     0.3611057901628002
0.735797276579281     0.37287283466579707
0.7307274311255015     0.407422549231152
0.7406484054653147     0.39561991329954627
0.764361356971075     0.38718394848990534
0.8169079350324701     0.32649993663834254
0.7975716321425724     0.3240710976272435
0.7911306816848466     0.29522807132762807
0.8426342537758942     0.21909687484767712
0.8199908130680991     0.31287104328074533
0.8345746321382429     0.3261682968846425
0.8902963291889894     0.26452542697513265
0.8866235030279397     0.29725499122909016
0.894355506261496     0.2987643477520426
0.8741996061883809     0.31724087620981
0.9053561388385366     0.30230377141354836
0.91936514177379     0.32569825842420663
0.8958186180680063     0.42440531345533583
0.9156227604550572     0.46119824805032716
0.8955785188341924     0.44227056002106085
0.9025872269467672     0.4657388813739242
0.8408443185644682     0.36569777746351045
0.8190743867211615     0.4192447636135953
0.8771204395133082     0.4388117034166933
0.8660836372478118     0.4829517600221695
0.8775267427354656     0.4806961432203418
0.8898676187457477     0.48122101107853515
0.8994099138167007     0.4914032959996289
0.8521555238346263     0.5177709363992932
0.8885496660002684     0.545911105227016
0.8909191058726427     0.5785255602972782
0.846380306939453     0.5700897095543619
0.8485900717971633     0.5195259852150225
0.85295666901696     0.4831662632596364
0.8412898143931008     0.47693269922418097
0.8322421446645646     0.4903546397741377
0.8225445087184028     0.5026767965697115
0.8114348647715244     0.5293075591843612
0.8078359196729955     0.5333902664159009
0.7642954302523486     0.5575600212368379
0.8246078855578286     0.4946246086764468
0.8190704583770547     0.48097378542410507
0.8034493920902579     0.4768428503991479
0.8038690465834428     0.45144899436812364
0.81480776957461     0.4196006155088646
0.8050441207268938     0.4335572204091522
0.7935736215414838     0.41623103682194784
0.728513771162869     0.41698867657178273
0.722625343865188     0.4281347765106128
0.7173295091609145     0.41066462753267746
0.6797168429353057     0.4260117203823149
0.6950726679875782     0.4329820233858074
0.7098976123064239     0.4463957840594468
0.7315689499934078     0.43548604322005374
0.7574822080903141     0.4778930903241525
0.7664764038291809     0.5431429429804054
0.7528155121722797     0.5564175785478281
0.7895283298487569     0.5760413454236045
0.7606326106818204     0.5755639429515413
0.7602230642722757     0.5750882835336689
0.7590373691384381     0.6052648946404924
0.7908587044410059     0.5887915766296166
0.7808928527645298     0.5812131645232236
0.8374103798167993     0.5938406194327739
0.8297326914551615     0.6261540905662122
0.8316631801485832     0.6483508388915136
0.8135377181793939     0.6427499008465027
0.7922810251911285     0.6640844052163117
0.721593657520371     0.611733895783955
0.7391002779153416     0.6113907155264421
0.7455095303509934     0.5911864174943173
0.7402183658986816     0.5615590220222573
0.7323172908349915     0.5054155070354267
0.6799004991928902     0.5224945075439562
0.6939902673649557     0.5103187457181158
0.6565715479718917     0.49044898373425516
0.6394963437298637     0.4889488892564784
0.6522760009498516     0.5400289060474149
0.6043474225609347     0.4999455268602949
0.6810248406846645     0.47347701539108095
0.7203575467717455     0.49128037501701044
0.7587148877967358     0.5160302276513477
0.7439025823280715     0.5040438646215031
0.6822561297281188     0.46182083961334397
0.608418047714638     0.4748515180781697
0.6151957242603016     0.47628940771798045
0.6005916983499634     0.4898206521757787
0.5743286639785911     0.5004265656865784
0.5355549033734409     0.4788209538005712
0.4938268275012004     0.49375264171644456
0.5034629969268315     0.4880286926203377
0.5134353128516367     0.46972237637337916
0.44288821748695284     0.4721054198047275
0.43439292059983087     0.4415985916852518
0.46559405273976895     0.38038770201541555
0.4714596921448712     0.37176791152281563
0.4770895546005649     0.3286570722598816
0.46459981810729456     0.36110143946966383
0.4584890024457594     0.38291019726957326
0.4267366047821942     0.44050141424015865
0.4202876227979586     0.41478276676754744
0.3856718098814346     0.39197063478212213
0.3748238991876697     0.38575378774151625
0.34875765475786785     0.41262842569908004
0.37603910138414454     0.43184413502544017
0.40283341292816627     0.45118540108404265
0.3746273362684764     0.45887173320550906
0.3688827780938736     0.47790705186511945
0.419079068207193     0.5044242262236711
0.49239396168664806     0.5240506941434742
0.5184464556519952     0.5296362877999241
0.5929946788119965     0.5736157627185366
0.49404914048318804     0.5364204812933299
0.5440888128124963     0.5742994467904655
0.5824592525346359     0.5991146673038811
0.5629185767535392     0.6038474078429926
0.5477386876924275     0.5888986810666381
0.555227912604517     0.6213013863976997
0.5811114666255275     0.6444580455592627
0.5320192204850135     0.6679694958702711
0.5395477161672185     0.6783332733480468
0.6103794448059475     0.7105305882411338
0.6144543878228047     0.7165672678573239
0.5971232676882592     0.7582335857644119
0.58075411244656     0.7602292556203397
0.5756093873267258     0.7429301671672806
0.5267470202447873     0.7493166717801918
0.5239426604809372     0.6737892514969136
0.5054103655787195     0.6627407955975684
0.5120455447682226     0.5870527360635933
0.4945713793126854     0.5662652634091144
0.4996325534301848     0.5812872677713581
0.4868212439571898     0.5717767928003173
0.4786871861172873     0.5494190310175139
0.4775311883885651     0.5377118003245931
0.4715252661216659     0.5622853798555915
0.47066937684750276     0.6014230482651585
0.4605526225634074     0.6493356407440055
0.48142963596626265     0.7063004323461446
0.47637523065250575     0.7038852616133888
0.44897440116942877     0.736793880641547
0.45596373201798274     0.7682949061077889
0.4990523708477259     0.6973948133820359
0.4921686741227079     0.7846187900861015
0.4987359755012824     0.7553928605333466
0.4874640891282173     0.8723021781236309
0.5370407048969236     0.7993527455891224
0.5222986131651207     0.8395281552878822
0.5520603193738399     0.8303836643101004
0.5367057036644194     0.8590518601774865
0.6078297344418306     0.9103901688446483
0.6112102737974867     0.9189242416931219
0.629854247890615     0.8920815431489031
0.6225658873507877     0.8980688733717421
0.6200173656797123     0.858053831670273
0.6197898031227241     0.8482488004906632
0.6238988513921858     0.8355350091046239
0.594329178653957     0.8270048616779102
0.5847806135812765     0.8276332517702931
0.5250142062601697     0.7762418380262314
0.6241303740848121     0.7753423195118968
0.6108871158424345     0.7935576039432314
0.6234961438732671     0.8010439390473131
0.6307980159436347     0.7886656338501528
