0.6476575751651005     0.7982954096737503
0.6879502748839368     0.838980595825326
0.6345329874392152     0.8557997541777371
0.6198101818594473     0.858053831670273
0.6223600931004877     0.8980688733717421
0.629652427586079     0.8920815431489031
0.6533217843300069     0.9003478138756473
0.6409743497451896     0.9168444845063269
0.7259658105524328     0.9138286586514166
0.7566150068051446     0.8925797461533442
0.7824229729494188     0.8681533254196142
0.6831725015977533     0.863879964199515
0.69372274696967     0.8610434639059104
0.7501551183560156     0.8456160963996298
0.7381711425696232     0.8289006520107197
0.7365578217969602     0.8170634828796839
0.6642616685928001     0.7602553492707746
0.655297988039757     0.7576391732665261
0.6673182698136034     0.7214708634864594
0.691706151285934     0.7202475046878745
0.637072897129973     0.720976516177584
0.6293375729713914     0.6913389981936543
0.6295755285716821     0.6410820029262129
0.6034558874460453     0.5908406024519552
0.611966017351919     0.5905452317659277
0.6646305839842603     0.5847208142866761
0.6568790070236669     0.581777395233936
0.6797259663815138     0.5224945075439562
0.6890637972789895     0.5537514816683492
0.6938234169362276     0.5103187457181158
0.7118685831010718     0.6147905660000027
0.6450937705770708     0.6042535990491076
0.6599950166121012     0.6587320090204971
0.6879897587241462     0.6743109490960761
0.6930888374292572     0.6706679376648195
0.7084846133182373     0.632674706925463
0.7214418577158245     0.611733895783955
0.7136066750304081     0.6554847946462284
0.7389580235167315     0.6113907155264421
0.7701347548688481     0.6914039118731802
0.7537584783901246     0.6704328499668283
0.7283506114697343     0.7017120053667733
0.7478256050268319     0.727795131310455
0.7326840281388508     0.7184869809791616
0.7298174264766097     0.7320212889480007
0.6952757525561518     0.7295967127852342
0.6905043411185667     0.7294974322645024
0.6807659716901878     0.7435248446298023
0.6832053571443732     0.763359616146255
0.7051940639935012     0.7330089379847304
0.6821782650064186     0.7700232704670033
0.784686713552242     0.8366526789690973
0.7976514003138178     0.8604501355631385
0.8261465631507944     0.9161888181609921
0.8159778772626524     0.9247335044976049
0.7376591442875816     0.9192298584339501
0.7402451866805217     0.9231679487314156
0.713488933966118     0.938158751125614
0.7709258088961974     0.9572371056204365
0.7678851627256849     0.937158660264401
0.7956155181290083     0.943321235393084
0.82875774526324     0.9616729211175759
0.950286528550885     0.988960586591941
0.9246794093461227     0.9577921715435469
0.8351098128267326     0.9581016478090828
0.8603081279071682     0.9501001177314863
0.8712570655336629     0.9179840078254002
0.8307397047768065     0.8793668445255672
0.8742304529663878     0.9202897176423028
0.85391541548858     0.842450312890242
0.8500497179634852     0.851694683431993
0.7821098727917019     0.827515363067915
0.7912284493855103     0.7721393248060227
0.7601664852087644     0.7218163554822842
0.7752923916597704     0.695122871828107
0.7589059853490386     0.6052648946404924
0.7453707705684123     0.5911864174943173
0.7600923269778087     0.5750882835336689
0.7526807359433871     0.5564175785478281
0.7400767211325094     0.5615590220222573
0.7437629463643171     0.5040438646215031
0.7573499763563563     0.4778930903241525
0.758583328175837     0.5160302276513477
0.764166913397094     0.5575600212368379
0.7807733855791602     0.5812131645232236
0.7894135711183811     0.5760413454236045
0.7921677673554924     0.6640844052163117
0.8134360504598888     0.6427499008465027
0.8296398539719074     0.6261540905662122
0.8448282613107518     0.5828454006889409
0.846296546493576     0.5700897095543619
0.8485075162156241     0.5195259852150225
0.8520749122997552     0.5177709363992932
0.8993550675251761     0.4914032959996289
0.8969029050727438     0.5066406248506273
0.9123425619255688     0.5575033866140396
0.9025341130709191     0.4657388813739242
0.8955215834918068     0.44227056002106085
0.8770534399862914     0.4388117034166933
0.8774599647434511     0.4806961432203418
0.8898075695608055     0.48122101107853515
0.8321506754493727     0.4903546397741377
0.8245122537972366     0.4946246086764468
0.8224477519108807     0.5026767965697115
0.8113320504806679     0.5293075591843612
0.8033422237563814     0.4768428503991479
0.803762107064289     0.45144899436812364
0.8189718073592279     0.48097378542410507
0.8147067943449089     0.4196006155088646
0.8189757378452467     0.4192447636135953
0.8412032783790858     0.47693269922418097
0.8407575396458589     0.36569777746351045
0.8344844347013426     0.3261682968846425
0.8198926638695232     0.31287104328074533
0.8425484508113986     0.21909687484767712
0.7790309809570889     0.3064112214210673
0.77915492227477     0.3095291623001727
0.7910167966295939     0.29522807132762807
0.7974612589865526     0.3240710976272435
0.8049378219116252     0.4335572204091522
0.7934610684881871     0.41623103682194784
0.7702692802973458     0.33643885926604017
0.7405069951762798     0.39561991329954627
0.7662927251958392     0.3611057901628002
0.7097394352858929     0.4463957840594468
0.7321713380432202     0.5054155070354267
0.7202050729833795     0.49128037501701044
0.6820828813136841     0.46182083961334397
0.6626227332505351     0.41975208664678126
0.6460921265519838     0.43080686017596553
0.6082045394184854     0.4748515180781697
0.6003739227720625     0.4898206521757787
0.6392997807346649     0.4889488892564784
0.6499158530332501     0.5810284339948003
0.5960881043784544     0.5642033705552962
0.5927727609934026     0.5736157627185366
0.6056200982759546     0.6558615906769115
0.5946696902674241     0.6468176106264707
0.5626802600757335     0.6038474078429926
0.543840229290694     0.5742994467904655
0.5740965685994641     0.5004265656865784
0.5353016667759459     0.4788209538005712
0.6196478994283292     0.42880095190938883
0.5287996358299737     0.3888450684158829
0.4993412724266479     0.338509429174301
0.4653026703035063     0.38038770201541555
0.4556244391672967     0.4219038130670437
0.45805972837630593     0.43859805163651283
0.5131700156470163     0.46972237637337916
0.518183890750421     0.5296362877999241
0.49377327305538155     0.5364204812933299
0.5117794897988129     0.5870527360635933
0.5549854026267158     0.6213013863976997
0.5392966566329193     0.6783332733480468
0.6142441708139139     0.7165672678573239
0.5969036009641586     0.7582335857644119
0.5805255205142758     0.7602292556203397
0.5367882784260185     0.7993527455891224
0.5220381486350839     0.8395281552878822
0.503600381785553     0.9017470688897463
0.5247552223950395     0.7762418380262314
0.5753779902562373     0.7429301671672806
0.49877923140874564     0.6973948133820359
0.47608972660495136     0.7038852616133888
0.4811468878104451     0.7063004323461446
0.4881626098704544     0.7300797086989651
0.4556670986927128     0.7682949061077889
0.4871846312308126     0.8723021781236309
0.4819895032008578     0.8825757513370375
0.47016568706857953     0.8905745541327746
0.45557299021760533     0.9174081696395867
0.4431212734317436     0.9184282129863499
0.47171297240457877     0.9462794358017029
0.3688092382397686     0.9388067303184082
0.4009557172041551     0.9745084226881671
0.33976121295047546     0.9250431768029429
0.3182186689644885     0.8510804118801536
0.32046140356121783     0.8573041788592191
0.3861514605386654     0.9347712177635344
0.45278683212148146     0.8724930327977879
0.420719688471445     0.8383957446239756
0.37278880783791035     0.7758240306417818
0.43901096038083015     0.8797125287609098
0.4131569530976312     0.8749838465407443
0.3703328137877763     0.7844051270588926
0.3900713109179912     0.8576386506941259
0.361157031947637     0.7866758993072859
0.3230652047391594     0.7971314287394848
0.28608973804984195     0.7813751109154897
0.29439674451286163     0.8172975457807102
0.34986057963675754     0.843612009882331
0.2961910010306687     0.8307380767890937
0.2375089646546138     0.9039986426723292
0.20608431628270543     0.9220825872585522
0.23621710425519724     0.9210198142207244
0.273499145165264     0.9361140704341961
0.2792016508944343     0.9171800046488697
0.29222992105744106     0.9188347572651021
0.29359090969416546     0.9464228141804866
0.28903783641038294     0.9623754130919546
0.2630568438192591     0.9476506044534659
0.20439701516387318     0.9418449015903424
0.21822287108359986     0.9752177504974805
0.18050447877808762     0.9560685614397517
0.16188574581605286     0.9350167856164245
0.1107789439908453     0.8860562598030016
0.19143740202080062     0.9852203941806749
0.10209885218826775     0.9984615559926516
0.05172104724535786     0.9789303934639593
0.04924825895697032     0.9730344219928633
0.05512161742268025     0.9169035972614489
0.036994276242884844     0.9725362296243276
0.03601997536984884     0.9466757972490237
0.0011157645966187203     0.8721768533715447
0.019642826814065744     0.8853045558133539
0.03147772428511168     0.9253658407164168
0.06548276387671313     0.8370018713241459
0.03487935447049155     0.8190460758441953
0.017430636892724952     0.7883940106762176
0.013918839524542733     0.7790253555244406
0.007490602444371462     0.7717637836367016
0.0027262130536731964     0.678437190019614
0.010934920024400292     0.5473116560313293
0.01255977054717024     0.5328653449243652
0.02838323264130933     0.46583021376557326
0.0026368889717024945     0.4288278914072129
0.0     0.4054994886641527
0.037681139165758354     0.38558461835840296
0.07334612478689607     0.38126514193082794
0.06549988172681094     0.33999046447666864
0.009840074683920017     0.30470618158750257
0.004889034309186537     0.3020339960612437
0.012470542062166414     0.21659108464649957
0.03581703278481042     0.2523338905404317
0.01576871009893396     0.25076247355797143
0.03048538613217863     0.2698617063963261
0.04500544609996554     0.22409656970274916
0.057578605258701794     0.22795663126390586
0.08480305840109377     0.27910852631259336
0.07281412577775805     0.2709770525924093
0.06097194244565402     0.26040112063739107
0.08381317569926001     0.31388438645758343
0.09064258281759838     0.34077435112761295
0.09029121502138479     0.3025919478872305
0.08865823668875737     0.22005758196527445
0.18432976171417273     0.3891953294323958
0.11770234599589217     0.3170757365183626
0.11518292989481513     0.3117109806595745
0.12963397782893998     0.357205025575069
0.1609941318447203     0.400304065228822
0.13753154057035774     0.35101373556298826
0.22066744096674393     0.456242810026627
0.27824605550149734     0.4101725472912497
0.29571144712356706     0.3369750464928027
0.2817931468341185     0.333817843465981
0.25511656203354804     0.40759861466990766
0.258894352951019     0.357627512180183
0.246972751231904     0.36821926849106307
0.23407820027479706     0.3712903373324547
0.1610960564372953     0.2870120863484134
0.1612217618983957     0.3322084164018979
0.144594145526965     0.2677685218431087
0.10027226766317066     0.1933564389158054
0.16866563343233323     0.2698942032167753
0.16291426690117364     0.24042756038665417
0.19946472970810958     0.2859759937674431
0.22842898669356188     0.2810463967520886
0.15497149592683904     0.216264127589923
0.1329041989563638     0.16749565726660487
0.0906409911069578     0.12452500001645585
0.13371760040401778     0.20256334950702024
0.11899716653513091     0.20241562808111763
0.07764126038663699     0.1486349153141771
0.06474438514148352     0.10959449945182605
0.05924496088755627     0.08760666798083531
0.08952372721707827     0.11069747601654442
0.10280223450027316     0.1025850526232899
0.026848196555974105     0.05026076584160681
0.053555265894719865     0.1332724119612442
0.07851051752895591     0.1865302916870308
0.06535719231433545     0.16915813885795722
0.06485587650968669     0.17524416783182686
0.05307078800447368     0.15057062219636747
0.08859735203865363     0.27224874513319364
0.0638837565679823     0.20626512686925283
0.037133919838603945     0.16935170758627968
0.026998135442103693     0.15980545804297236
0.0318556577781559     0.12174261357695064
0.02985886331919095     0.1153169074172162
0.00842924042410162     0.04635188458658485
0.008998688290956305     0.042913074641222154
0.07144053137714301     0.05720108434322629
0.09227060286873548     0.06648741193211548
0.19434566729039687     0.10188159578201211
0.15619805861695685     0.09251877013901973
0.12932888394665149     0.08165878184818924
0.11966249228170481     0.08027908465203384
0.09328097009125882     0.0708772053388579
0.15422249062204293     0.15882204924869117
0.18346674614978395     0.19010762694999844
0.22806942635730998     0.20512234162227452
0.22273047055223122     0.11579902472585354
0.244521649863494     0.08400179002407097
0.23012498057294253     0.0778718826465333
0.20486493196243868     0.08788558824628909
0.16108803592460244     0.048179468551904345
0.13900636206559347     0.05321406121524791
0.1452389156543056     0.06479009600921092
0.09539507744518888     0.0640717408844745
0.056249780731598795     0.014056488220480319
0.09646939844568865     0.03277148861000265
0.13682759892389446     0.05158474010147616
0.10441658308380772     0.005571836746542527
0.1490845532010259     0.008496795479378757
0.192962043224494     0.03526691572644754
0.20202178672983762     0.039067761081973865
0.24505926708046402     0.06108757276002429
0.2006348181101018     0.024524765795861762
0.2431338264517304     0.05008769820862246
0.283897861765018     0.07741517879737649
0.36222516074299016     0.14362597846654862
0.38861375235902446     0.1658151546846776
0.38561202365891384     0.13617496339050267
0.3692845775376721     0.14186995917219158
0.382264827225962     0.12998549363556544
0.3865295888638126     0.1086158700365599
0.3736104176216386     0.09822780967550925
0.28524870751045484     0.06317158703654153
0.22584042208768584     0.026476731132637037
0.28775268700836354     0.00645635314459692
0.27346974000712265     0.009664855964223392
0.19613586927934173     0.018067497117326872
0.14996423083700602     0.006362937948630369
0.29838800635974816     0.0010609275531701663
0.33016066879718403     0.012022984725723378
0.3170150252271418     0.02664670395645257
0.28215228319652447     0.03606994686904678
0.345563047601802     0.020987508642023946
0.37628672999850643     0.009655909532427407
0.3932842496169887     0.002523950426246612
0.49455247303778455     0.0007722983101091713
0.7286258004687867     0.000607112574309452
0.5218264211355755     0.024392051934389744
0.6251007122297578     0.020415448387497776
0.6129794349114968     0.04394655378834372
0.6225915707856322     0.04318324939760862
0.6310632135575173     0.04147970220348173
0.6360550616431734     0.035662336928413835
0.6365376852010487     0.040309046158185424
0.6137385696563675     0.09451334191834158
0.5945589969625463     0.09400295936578745
0.5961660736468883     0.10326688845638897
0.6667531920325521     0.12306695400597854
0.6779925548595944     0.12322270989746321
0.716381628825473     0.07169299118283622
0.7271619671402842     0.09498936501230992
0.74382472095808     0.11790316776008707
0.7664786171646546     0.10600886863292529
0.7690938877187229     0.1145230203473731
0.7127525694871135     0.13437294543604086
0.7317841250065878     0.1333440827567302
0.7296301714021453     0.16301545891803912
0.7370952188289812     0.17912962640373217
0.7306870320351905     0.17162556691040146
0.6448912376150234     0.13353106120727362
0.6176322970055091     0.1264352606122502
0.5889959773516933     0.11717690728231968
0.5168108022062142     0.05276036939309311
0.5374715542760746     0.08338021005102172
0.5189260750497182     0.08217964761753536
0.3971987526359429     0.05978217243193038
0.41006615348095715     0.04457061592804484
0.5078435314274625     0.05262894623024724
0.4086078622906961     0.025926958878687404
0.3737275591657184     0.035672038653079136
0.30570423416001297     0.05097239019574497
0.3525554190137412     0.07878684104159239
0.46554633118222427     0.09944698142207564
0.466095567293745     0.10245395153062134
0.5170386074316816     0.13352673097885795
0.4262407892109661     0.13144296518936333
0.44299280522602613     0.15092351361290512
0.40367807115478455     0.1462699474739856
0.40074203763802274     0.14281293315004628
0.4138387296474589     0.16096389291944557
0.48513474849070604     0.14921824705047126
0.39003702121400685     0.17794102767040318
0.5990658099840013     0.13608475865034153
0.44335180393607165     0.19057833713155806
0.4277949262364117     0.20910529692249485
0.3610205479379091     0.16574670172553937
0.39259141987832724     0.21547952893964445
0.316570116611798     0.1772844498313571
0.3419070285216681     0.14354784554835476
0.29334047276113767     0.10753496807364556
0.29566953726431455     0.11656967874584474
0.2673917271404732     0.15454073181963207
0.27676069061740244     0.20099603482872958
0.20908025545909914     0.21534071623401263
0.24322029064327372     0.2902385886908146
0.22598273608879893     0.2914598832884633
0.23467754645306707     0.3332884958363935
0.251559693738382     0.3563246433247745
0.25375175744062567     0.27737739442662673
0.24538964640222027     0.2633173065691792
0.28535239136067475     0.2642671735799721
0.3053346530409219     0.26759507150910644
0.3119672482827193     0.2790477363112532
0.364087895659929     0.31183292013709324
0.35158867087991047     0.24814433984668893
0.3272478439506548     0.25025932340783263
0.31155431720392074     0.24761045008300317
0.30117688601530457     0.1799543064970135
0.30152215212156597     0.16643615027852393
0.317121723321961     0.18135954919757868
0.3422748872750314     0.2088669903749335
0.3819525700664408     0.29055645540149755
0.3925351054443407     0.3171605512278576
0.33769573752675774     0.30994892055511053
0.3057678006854169     0.36527800065799215
0.34418952483868903     0.354846571628433
0.29748853407650666     0.4502095015119586
0.2945530993156373     0.45334512699157653
0.3118410510025269     0.38292915279623635
0.2805732069274701     0.48592069550501066
0.2730644547962905     0.52634930243193
0.2965650766671416     0.5301644485353117
0.36602189422784537     0.5788834566180369
0.3626304213199528     0.5939414009241688
0.33626725733636414     0.5920982671105439
0.3018708605287105     0.5601030410446879
0.2629438864582058     0.5520025802496548
0.2627585093051906     0.5456744650608346
0.25724147729093166     0.48041555517208306
0.2779387237719888     0.4497016160195305
0.25965440443328025     0.45779291958760393
0.2559225197373816     0.4707353056867611
0.2348266994959073     0.48226632125416985
0.20836830546323656     0.5169691462190831
0.2405822957449906     0.5690217963886075
0.15307541627213544     0.5862270698470401
0.11836864363699706     0.5923840148915513
0.11704735822297688     0.5974760312651803
0.10746602563331281     0.542250815658055
0.1073410851893237     0.5118377552860576
0.10611438031853901     0.4347195270017343
0.1074038645976146     0.5661589624706652
0.10470590695836976     0.5807482980915103
0.08469798605328571     0.6684422700448273
0.10243258883461295     0.6324746165493822
0.1213905688435063     0.6221113074860721
0.14927250021624613     0.6110212168110686
0.15150199218921842     0.6161485400845647
0.3011081931777571     0.603508837730346
0.2804696687455101     0.6057703871159059
0.2550529545272222     0.6198609905404009
0.16698844069284835     0.6332476461548215
0.15065358160781783     0.6317840566769735
0.11741243277557417     0.6690553754589762
0.22871976089665574     0.6973301780787607
0.2538750812721532     0.7511826220271881
0.19612791965174067     0.7563475961269763
0.16273184473325658     0.6992613758861592
0.09819306420632837     0.7182500273932381
0.07055335848059723     0.674881189670093
0.06346671300743073     0.6845598729836982
0.051901390562504916     0.7211670803813038
0.0551656667730502     0.6978261570147545
0.057901648456127996     0.6022113402474784
0.062112708375728666     0.5662396802850386
0.0687913124977081     0.6435724637709694
0.08089044407610087     0.6270160166856847
0.09417481797138837     0.6060044559791508
0.07034247944230713     0.5372759872185091
0.09548929337224069     0.4777812519905232
0.08919554778086851     0.44657236594901556
0.10365897347755561     0.4162865854156558
0.13833528867128567     0.49144883819673674
0.15152439621652514     0.5186015102801097
0.16879368929764482     0.45786182090117883
0.17493683566271537     0.44609170109445256
0.1769701937273422     0.4747261180628446
0.17896934414172347     0.5088965705482265
0.19168099278138773     0.5337750835464177
0.2069848550601818     0.45413131018370934
0.18439324507772012     0.42917581792235643
0.17295343712774627     0.4118052048565466
0.1484236369279573     0.42548881867725713
0.10770064755592831     0.37928637742832666
0.09541166897804505     0.345824629221816
0.0996106091424054     0.36942653649730733
0.09128355852119138     0.35582418118618414
0.08672630696256584     0.35592194555935036
0.08323405366507086     0.4033672695048535
0.049801885899859705     0.4209049329231368
0.0336134863679899     0.4567505145874765
0.060814252861680615     0.48493102987242426
0.055474366997534004     0.500804596785188
0.04482834529091805     0.4997771334143698
0.03225389084828397     0.5773532418571995
0.03210428744613257     0.49381063182068785
0.016770473201603093     0.5399436103225922
0.024926641797191142     0.723163665976855
0.028839603403272535     0.7255750882555319
0.023190261494728616     0.7701902067314614
0.060288274979212735     0.7799072309754571
0.0946450826008694     0.7422885723508085
0.10753857754530827     0.748999030583488
0.22967114879131015     0.8202937616258791
0.14775792771493768     0.7815634529422623
0.12179397471019761     0.764779568015648
0.10825580011118838     0.7560136773992701
0.1043824415210473     0.7586815233452924
0.08709256181175974     0.7730393372503923
0.11456971403964542     0.8320864696585197
0.0977742714986198     0.8630353698778068
0.14878717866082064     0.8454688995119258
0.16573751556068733     0.8373439956940886
0.2378399372667051     0.8298342028498759
0.2673980856436473     0.8127655751814907
0.26640045164390613     0.7544862572064123
0.27545732802958744     0.7843415807157188
0.2814450681368877     0.7312006921629897
0.28386362356697276     0.7447560638906254
0.2997542670284833     0.7293619250304618
0.3278860905885232     0.6865839260540918
0.2908357843818161     0.6749635266089636
0.2622882853210478     0.6763966929454853
0.25037234580396456     0.6721371114928375
0.218675092659387     0.686471334516242
0.21926218009336032     0.6656601549335751
0.23750000844138813     0.6666822528366446
0.2842498228912765     0.6569935836951029
0.3514933190136238     0.6954938936847124
0.36326543110143866     0.7050094320709449
0.3925894301509079     0.7790827652130696
0.4421235690455932     0.8174968289512335
0.4629082373763235     0.81737563940347
0.3742598239766962     0.6842347503972612
0.3476969923111503     0.6445188897775445
0.3193332848940337     0.6254226629336809
0.33853204285940813     0.612193123780774
0.37648030491438544     0.6255287056935086
0.3816260027373376     0.6342961685118695
0.38398927557098467     0.6367577820577337
0.4444767036780175     0.6866559746286797
0.4410078648989392     0.650581302852798
0.4513967762014312     0.6573143668159143
0.4486739569429873     0.736793880641547
0.4602584913100431     0.6493356407440055
0.499359730333145     0.5812872677713581
0.47038076170885523     0.6014230482651585
0.43730014427597774     0.6139684646711399
0.42512010751108814     0.6220407907798153
0.4346261503373692     0.5939242849139094
0.3884800021329018     0.6292452914631113
0.3831749477924391     0.57355556692441
0.28612706032447094     0.477158998558443
0.3155618648993047     0.48144764337562806
0.3702957611675191     0.5303628891823305
0.34655747170820894     0.507127747699025
0.3463914111365685     0.47536954222494165
0.3685386642706104     0.47790705186511945
0.40224422501637047     0.531608031276862
0.427652810895433     0.5760024110656619
0.4285726398864187     0.5773452917001792
0.4025078105356635     0.45118540108404265
0.4187623236850754     0.5044242262236711
0.4253108116255333     0.5290651271123675
0.46573180751103976     0.5455691361766108
0.44608102791697624     0.5606067106220164
0.4865414355513504     0.5717767928003173
0.47840294265303906     0.5494190310175139
0.49429579663324896     0.5662652634091144
0.4772463146217609     0.5377118003245931
0.4425844547962651     0.4721054198047275
0.4340845258867706     0.4415985916852518
0.4581937460128187     0.38291019726957326
0.4790048021843088     0.35419176807890784
0.4643078935690757     0.36110143946966383
0.4347960738995345     0.30640064272271306
0.43159714702524177     0.3145670249541941
0.42882610451604336     0.3624752050058415
0.4199715372347894     0.41478276676754744
0.4264240354974115     0.44050141424015865
0.3756988895139297     0.43184413502544017
0.37428635463968957     0.45887173320550906
0.3073685821131526     0.4492264456519619
0.38533685020215097     0.39197063478212213
0.37448302473392936     0.38575378774151625
0.4082435390476579     0.3293300008829253
0.41539631578780845     0.31915632957508944
0.4204895095723073     0.3139259930891795
0.4213278901105858     0.27084169738618
0.4434103521278451     0.2930706386288925
0.43741091528624626     0.27211920662611877
0.4544513693526311     0.2863264977999996
0.4057795365559813     0.23722655750234292
0.47156653413053284     0.22611711463026704
0.530373335428696     0.17099335626694473
0.5370198764573066     0.17048326451889814
0.4690466486259549     0.246475636283293
0.4576813682975631     0.2778421469390816
0.4976985095149314     0.3307569042937247
0.4698156598269239     0.2864669249277653
0.4680131469190177     0.2830968905712371
0.4790336399656919     0.29098726211282594
0.5335633065247938     0.3361490352077492
0.5453022225100428     0.339405225984041
0.5189855122773408     0.35006001679578563
0.5435451600490853     0.37526366094818253
0.6152679557927304     0.40561096252870016
0.5625373419978105     0.3570456622136908
0.6139321115234111     0.34871659027231516
0.6249872578653046     0.35435094054073435
0.6437236558761887     0.37507029036491546
0.6087776213727427     0.351164332959209
0.651218063578241     0.38499869930350694
0.665801548061814     0.42093721880074925
0.687469876108379     0.4473340814013383
0.6949064077329153     0.4329820233858074
0.7283657445191241     0.41698867657178273
0.7171753843486768     0.41066462753267746
0.730580611469883     0.407422549231152
0.735653221234066     0.37287283466579707
0.7155744801847315     0.3740977556065285
0.676035699424281     0.3398776006051161
0.7147720294171951     0.30677908986529
0.7415059942560931     0.26203169344724914
0.7243127492068949     0.2605986982034522
0.7514419859353226     0.24145404626567835
0.5959602663083841     0.25974589444144114
0.5925353303042454     0.32221409080725016
0.5452252917628003     0.3124448259291548
0.5650811832718201     0.2899422907877923
0.49866918962441936     0.2946399405479728
0.5941220453030156     0.2384767856585121
0.6592254010994218     0.2435902220685434
0.6449490547546451     0.22888499499351747
0.6122182237105513     0.22138925001768825
0.612174081837821     0.23097841627071472
0.5846564259739541     0.22794299280767857
0.6153447029333631     0.14045599173014917
0.6508489161929575     0.1746113971836198
0.6895035350613155     0.21688906532018382
0.7668706263822792     0.2245210353482205
0.7823110879947792     0.24556171594222106
0.7548657347316371     0.2585713528232213
0.7607732231978551     0.3006678534682086
0.7830522244488904     0.25491872686516065
0.8232556457024507     0.2294991266342119
0.8268802184818876     0.2238449012543844
0.7661072532489189     0.15938601987267564
0.8524006057684936     0.1963012537308084
0.796440744669584     0.15909054263575786
0.7975716055795703     0.1385202364709654
0.8210527466110593     0.13951942940678488
0.8774770932863204     0.13256955659639685
0.8411185931363389     0.14721800479686026
0.8789925197055881     0.13407952145840113
0.8808808000265944     0.1518853051554474
0.8873156265443861     0.21256398579758723
0.8978434413659786     0.17673727742232165
0.9112549167493404     0.14244244510803875
0.9250600733330877     0.07950266547820499
0.9014664722905329     0.11292322004234118
0.8389101433304621     0.13031324300935884
0.9103816228252303     0.07907001379694618
0.8441186525528556     0.12025101108999983
0.8122676511919812     0.06807425834510293
0.8375765013900256     0.0427923008237889
0.7049677452055946     0.05663998898749438
0.7015421001196942     0.04852070270869986
0.7008954617656603     0.04765769191739371
0.7607218427952731     0.0
0.8940228513412691     0.0005085526854798416
0.9295510458218303     0.02039173981086109
0.8112232310172774     0.004690319352518335
0.7342692942974607     0.04103723511966018
0.8718443774808883     0.039382796077728835
0.8702011867247677     0.062363122802579746
0.9058075432568197     0.06715460859604754
0.9381810968832339     0.03070305187738608
0.9760991986767741     0.005841167663888204
0.9363496650902768     0.05339603986435747
0.9324990111933492     0.0770493209791212
0.9456550503963567     0.07185478518254372
0.9456730880706258     0.08762020117821848
0.9757666415261128     0.02245713146164632
0.9568557660712104     0.11619501151079614
0.9496528013186099     0.1107391722605805
0.9007466889327158     0.1991540726234333
0.8966902455786966     0.23897802659602155
0.8902365137564859     0.26452542697513265
0.8572726877789023     0.21426781473233064
0.8942979040770124     0.2987643477520426
0.9053045346994288     0.30230377141354836
0.9193211759804488     0.32569825842420663
0.925110714006949     0.2991864940319593
0.9317431173705317     0.29178958947505673
0.9297942147498445     0.274540855381143
0.9442754298366535     0.3124385757273896
0.9672203981248485     0.1870544069898144
0.9379973781061187     0.4774626535452239
0.9391552748038616     0.37427856914670715
0.9324932738986784     0.4021099461627631
0.9155767541451543     0.46119824805032716
0.9753312618953858     0.5442747871386535
0.9396131249046031     0.46620233988128396
0.9577336017954892     0.48721460073067613
0.9853215284117954     0.5416726360304546
0.9873819917983322     0.5338327786987891
0.9816556537954627     0.49655575209741776
0.9766758853071722     0.4537307388250114
0.9731181022651179     0.37986866428477045
0.9681840711321041     0.26322814246451076
0.9849560952409805     0.4919986335376271
0.9895109839820725     0.29315591315873496
0.9902092952086813     0.20116471686515797
0.9770485358297417     0.1279826918960992
0.9976944744283349     0.12991203930076312
0.9948655297064113     0.21655839067107008
0.9879088393325638     0.5430399106725461
0.9960348691040132     0.7407825426209094
1.0     0.8529981339857634
0.973361271424224     0.6655477844013442
0.9756420394902935     0.7025418724724809
0.9897317100745545     0.7887042211229647
0.983098162972383     0.8731812695488085
0.9750215100907453     0.8533852551677731
0.9440362382774403     0.791197403939322
0.9830976444312155     0.840938624014114
0.9553931270244092     0.6875811151371187
0.952677126486645     0.6816199184473515
0.9604621375202506     0.6273969997991015
0.9218962996918003     0.5986786396627927
0.9193154993875178     0.6084199264253918
0.9107534463701064     0.6139431482291339
0.9007498992546923     0.5556339496847096
0.8884888982075267     0.545911105227016
0.8514720141834216     0.61777732020252
0.8503305759565633     0.6185739723691281
0.89262320962524     0.7214276336642634
0.8966494067606217     0.6545678935776764
0.9029259967050519     0.6455908581941577
0.9439805450647495     0.6494372030796158
0.9391548329673997     0.7954411953637819
0.8832632681306479     0.7141534937544484
0.870435009491295     0.6888543702367141
0.8535651641209693     0.6618196151181257
0.8315713952555961     0.6483508388915136
0.8041478538621172     0.7136512837195867
0.7956869024789104     0.7680233978788437
0.8979642050535764     0.8861188935236414
0.8374268638978681     0.7449723893535355
0.9209373550724611     0.8364151003354308
0.9540338955869133     0.8952873239074166
0.9575534003894407     0.8979602300628082
0.9617871536731887     0.9145782853154163
0.9767906600327464     0.9574069983545188
0.9434423381308616     0.941083886161935
0.9302604792132184     0.9429142155591848
0.9337854553924447     0.9468556366258148
0.9578552981601005     0.968903412337776
0.9793579554546357     0.9992831790606026
0.6894520867579358     0.9976732790351284
0.6909214398172479     0.9674688128682041
0.7319998161076787     0.9506797376200908
0.6724407362839113     0.9413500026621534
0.6556901284997805     0.9556526663896109
0.6459557385161498     0.9531295914055139
0.5500569243990663     0.9586473619834166
0.5810262059998519     0.959193507154907
0.6252903164871094     0.9659983939418149
0.5510232607176847     0.9738565084342151
0.581832891325862     0.9667571647229433
0.5326653161276531     0.9705740328045551
0.5485019911947197     0.9905421241134273
0.3783935984341209     1.0
0.37685290357617635     0.9893225630114943
0.3989869459087677     0.9833138992725626
0.4220483554359079     0.97300029960597
0.4955238210421424     0.9635969426764919
0.4818741166632868     0.9125435038233224
0.5146985786749796     0.9190736321126927
0.6109982879500321     0.9189242416931219
0.6453988885644887     0.9275625234904927
0.655107768680618     0.9256387483607693
0.5733920569462517     0.9129571773033855
0.5058718111259444     0.911248933398489
0.6195824952249996     0.8482488004906632
0.5518160822800936     0.8303836643101004
0.5845542170806043     0.8276332517702931
0.5941079884653926     0.8270048616779102
0.6236937839345268     0.8355350091046239
0.6232908568411469     0.8010439390473131
0.61067495379456     0.7935576039432314
0.6305967102243799     0.7886656338501528
0.6239254328638587     0.7753423195118968
0.6230888960472788     0.7423787656320141
