1 2
2 3
3 4
4 1
4 5
5 1
5 6
6 1
6 7
7 8
8 9
9 10
10 6
11 12
12 13
13 11
13 14
14 15
15 13
15 16
16 17
17 15
17 18
18 19
19 17
20 21
21 22
22 20
22 23
23 24
24 22
25 26
26 27
27 28
28 29
29 25
29 30
30 25
30 31
31 32
32 30
32 33
33 34
34 32
34 35
35 36
36 37
37 38
38 34
38 39
39 34
39 40
40 34
40 41
41 42
42 40
42 43
43 40
43 44
44 45
45 46
46 43
46 47
47 43
47 48
48 49
49 50
50 47
50 51
51 47
52 53
53 54
54 55
55 52
56 57
57 58
58 59
59 56
59 60
60 56
61 62
62 63
63 61
63 64
64 65
65 63
66 67
67 68
68 66
68 69
69 70
70 71
71 72
72 68
72 73
73 68
74 75
75 76
76 74
77 78
78 79
79 77
80 81
81 82
82 80
82 83
83 84
84 82
85 86
86 87
87 88
88 85
88 89
89 90
90 85
90 91
91 85
91 92
92 93
93 91
93 94
94 91
95 96
96 97
97 98
98 95
99 100
100 101
101 99
101 102
102 103
103 101
104 105
105 106
106 104
106 107
107 104
107 108
108 109
109 107
109 110
110 111
111 112
112 109
112 113
113 109
113 114
114 115
115 116
116 117
117 113
117 118
118 119
119 113
120 121
121 122
122 120
122 123
123 124
124 125
125 122
125 126
126 127
127 128
128 129
129 125
129 130
130 125
131 132
132 133
133 131
133 134
134 135
135 131
135 136
136 137
137 138
138 131
138 139
139 140
140 138
140 141
141 142
142 138
143 144
144 145
145 146
146 143
146 147
147 143
148 149
149 150
150 148
151 152
152 153
153 154
154 151
154 155
155 156
156 151
156 157
157 158
158 156
158 159
159 156
160 161
161 162
162 160
163 164
164 165
165 163
165 166
166 167
167 165
167 168
168 165
168 169
169 170
170 171
171 168
171 172
172 173
173 171
173 174
174 175
175 176
176 173
176 177
177 178
178 176
178 179
179 180
180 181
181 178
181 182
182 183
183 181
184 185
185 186
186 184
187 188
188 189
189 187
190 191
191 192
192 193
193 190
194 195
195 196
196 197
197 194
197 198
198 199
199 194
200 201
201 202
202 203
203 204
204 200
205 206
206 207
207 205
207 208
208 205
208 209
209 210
210 208
211 212
212 213
213 214
214 215
215 211
215 216
216 211
216 217
217 211
218 219
219 220
220 218
221 222
222 223
223 221
223 224
224 225
225 226
226 223
226 227
227 228
228 229
229 230
230 226
230 231
231 226
231 232
232 233
233 234
234 235
235 231
235 236
236 237
237 231
237 238
238 239
239 240
240 237
241 242
242 243
243 244
244 241
244 245
245 241
245 246
246 247
247 241
247 248
248 249
249 247
250 251
251 252
252 250
252 253
253 254
254 255
255 252
255 256
256 252
257 258
258 259
259 257
259 260
260 257
260 261
261 262
262 260
263 264
264 265
265 263
265 266
266 267
267 268
268 265
269 270
270 271
271 269
271 272
272 273
273 271
273 274
274 275
275 273
275 276
276 277
277 278
278 275
278 279
279 275
280 281
281 282
282 280
283 284
284 285
285 283
285 286
286 287
287 288
288 285
288 289
289 290
290 285
290 291
291 292
292 285
293 294
294 295
295 293
295 296
296 293
297 298
298 299
299 300
300 301
301 302
302 297
303 304
304 305
305 303
306 307
307 308
308 306
308 309
309 310
310 308
311 312
312 313
313 311
314 315
315 316
316 314
317 318
318 319
319 320
320 317
321 322
322 323
323 321
323 324
324 325
325 323
325 326
326 327
327 323
327 328
328 329
329 327
329 330
330 331
331 329
331 332
332 333
333 334
334 331
335 336
336 337
337 338
338 335
338 339
339 335
339 340
340 341
341 339
341 342
342 343
343 341
343 344
344 345
345 346
346 343
346 347
347 343
347 348
348 349
349 347
349 350
350 351
351 352
352 353
353 349
353 354
354 355
355 349
355 356
356 357
357 349
357 358
358 349
359 360
360 361
361 362
362 359
362 363
363 364
364 362
364 365
365 366
366 364
366 367
367 368
368 369
369 366
369 370
370 366
370 371
371 372
372 370
372 373
373 374
374 372
374 375
375 376
376 377
377 378
378 374
378 379
379 374
380 381
381 382
382 380
382 383
383 384
384 382
384 385
385 386
386 384
387 388
388 389
389 387
389 390
390 391
391 392
392 393
393 389
393 394
394 389
394 395
395 396
396 394
397 398
398 399
399 397
400 401
401 402
402 400
402 403
403 404
404 405
405 406
406 407
407 402
408 409
409 410
410 408
410 411
411 412
412 410
412 413
413 410
413 414
414 415
415 413
415 416
416 417
417 418
418 415
418 419
419 420
420 415
421 422
422 423
423 421
423 424
424 425
425 423
426 427
427 428
428 426
428 429
429 430
430 426
431 432
432 433
433 431
433 434
434 435
435 436
436 433
436 437
437 433
438 439
439 440
440 438
440 441
441 438
441 442
442 443
443 444
444 445
445 441
445 446
446 441
446 447
447 441
447 448
448 449
449 447
449 450
450 447
451 452
452 453
453 454
454 451
455 456
456 457
457 458
458 455
458 459
459 460
460 458
460 461
461 462
462 460
462 463
463 464
464 462
465 466
466 467
467 465
468 469
469 470
470 468
470 471
471 468
471 472
472 468
473 474
474 475
475 473
475 476
476 477
477 473
477 478
478 473
479 480
480 481
481 482
482 479
482 483
483 479
483 484
484 485
485 486
486 483
487 488
488 489
489 487
489 490
490 491
491 492
492 493
493 489
493 494
494 489
495 496
496 497
497 495
498 499
499 500
500 501
501 502
502 503
503 504
504 498
504 505
505 506
506 498
506 507
507 498
507 508
508 509
509 510
510 507
510 511
511 507
511 512
512 513
513 514
514 515
515 516
516 511
517 518
518 519
519 517
519 520
520 517
521 522
522 523
523 521
523 524
524 525
525 526
526 523
526 527
527 523
528 529
529 530
530 531
531 528
532 533
533 534
534 532
534 535
535 536
536 537
537 534
537 538
538 539
539 540
540 534
540 541
541 542
542 540
542 543
543 544
544 545
545 542
546 547
547 548
548 546
548 549
549 550
550 548
551 552
552 553
553 551
553 554
554 551
554 555
555 556
556 554
556 557
557 558
558 556
558 559
559 556
560 561
561 562
562 560
562 563
563 564
564 562
565 566
566 567
567 565
567 568
568 569
569 570
570 571
571 565
571 572
572 573
573 571
574 575
575 576
576 577
577 578
578 574
578 579
579 574
579 580
580 581
581 582
582 579
582 583
583 579
583 584
584 585
585 583
585 586
586 587
587 588
588 585
588 589
589 585
589 590
590 591
591 592
592 589
593 594
594 595
595 593
595 596
596 597
597 595
597 598
598 595
598 599
599 600
600 595
601 602
602 603
603 604
604 601
604 605
605 601
606 607
607 608
608 606
608 609
609 606
609 610
610 611
611 609
611 612
612 609
612 613
613 614
614 615
615 616
616 609
617 618
618 619
619 617
619 620
620 621
621 622
622 619
622 623
623 619
623 624
624 625
625 626
626 623
627 628
628 629
629 627
630 631
631 632
632 630
632 633
633 630
633 634
634 635
635 633
635 636
636 637
637 638
638 639
639 633
640 641
641 642
642 640
642 643
643 644
644 642
644 645
645 642
645 646
646 647
647 645
648 649
649 650
650 648
650 651
651 652
652 650
653 654
654 655
655 656
656 653
657 658
658 659
659 657
660 661
661 662
662 663
663 660
663 664
664 665
665 663
665 666
666 667
667 665
667 668
668 669
669 665
670 671
671 672
672 673
673 670
673 674
674 675
675 673
676 677
677 678
678 679
679 676
679 680
680 681
681 676
682 683
683 684
684 682
684 685
685 682
686 687
687 688
688 686
688 689
689 690
690 688
690 691
691 692
692 690
692 693
693 694
694 695
695 696
696 692
697 698
698 699
699 697
699 700
700 697
701 702
702 703
703 701
703 704
704 705
705 703
705 706
706 703
706 707
707 708
708 709
709 706
709 710
710 706
710 711
711 712
712 710
713 714
714 715
715 713
715 716
716 717
717 715
717 718
718 715
719 720
720 721
721 722
722 719
723 724
724 725
725 726
726 727
727 728
728 723
728 729
729 723
729 730
730 723
730 731
731 732
732 733
733 730
733 734
734 735
735 733
736 737
737 738
738 736
738 739
739 736
739 740
740 741
741 739
741 742
742 743
743 741
743 744
744 741
745 746
746 747
747 745
747 748
748 749
749 745
750 751
751 752
752 753
753 754
754 750
755 756
756 757
757 755
757 758
758 759
759 757
759 760
760 761
761 762
762 759
762 763
763 764
764 762
764 765
765 766
766 764
766 767
767 768
768 766
768 769
769 770
770 768
770 771
771 772
772 768
772 773
773 774
774 772
775 776
776 777
777 778
778 775
779 780
780 781
781 782
782 783
783 784
784 779
784 785
785 786
786 784
786 787
787 784
788 789
789 790
790 788
791 792
792 793
793 794
794 791
794 795
795 796
796 794
796 797
797 794
798 799
799 800
800 801
801 798
801 802
802 803
803 798
803 804
804 805
805 803
805 806
806 807
807 803
807 808
808 809
809 807
810 811
811 812
812 813
813 810
813 814
814 815
815 813
815 816
816 817
817 818
818 815
818 819
819 820
820 818
820 821
821 822
822 818
823 824
824 825
825 823
826 827
827 828
828 829
829 830
830 826
830 831
831 826
832 833
833 834
834 832
835 836
836 837
837 838
838 835
838 839
839 840
840 835
841 842
842 843
843 844
844 841
844 845
845 846
846 841
846 847
847 848
848 841
849 850
850 851
851 852
852 853
853 849
853 854
854 849
854 855
855 856
856 857
857 858
858 854
858 859
859 854
859 860
860 854
860 861
861 862
862 860
862 863
863 864
864 862
864 865
865 866
866 867
867 864
867 868
868 869
869 864
869 870
870 871
871 869
872 873
873 874
874 872
875 876
876 877
877 878
878 879
879 875
880 881
881 882
882 880
882 883
883 880
883 884
884 880
885 886
886 887
887 885
887 888
888 889
889 890
890 887
890 891
891 892
892 887
892 893
893 887
893 894
894 895
895 896
896 893
896 897
897 893
897 898
898 899
899 897
899 900
900 901
901 899
902 903
903 904
904 902
904 905
905 906
906 904
906 907
907 904
908 909
909 910
910 908
910 911
911 908
912 913
913 914
914 912
914 915
915 916
916 917
917 914
917 918
918 914
918 919
919 914
919 1
6 919
10 919
17 13
920 20
22 920
24 920
40 32
43 32
65 66
68 65
73 65
76 77
79 76
79 921
921 76
921 80
82 76
94 85
94 95
95 85
119 109
119 120
120 109
125 120
130 120
130 922
922 120
142 131
142 143
147 131
147 148
148 131
150 131
923 151
156 923
159 923
924 163
171 924
178 173
183 184
186 183
186 925
925 183
926 187
189 926
189 927
927 926
928 194
199 928
199 929
929 928
929 930
930 928
931 200
204 931
226 221
237 226
240 226
240 241
247 240
256 250
256 257
260 256
932 269
275 932
282 283
285 282
933 293
296 933
296 297
302 933
302 303
305 302
305 934
934 302
935 306
308 935
310 935
310 311
311 935
936 314
316 936
327 321
329 321
358 347
358 937
937 347
370 364
372 364
379 372
384 380
394 387
396 387
396 397
397 387
938 408
413 938
420 421
423 420
425 420
939 438
447 939
464 455
940 468
472 940
472 473
478 472
941 479
486 941
486 487
487 941
494 495
497 494
511 498
942 517
520 942
520 521
521 942
540 532
545 540
943 546
548 943
559 554
559 944
944 554
564 560
564 565
571 564
945 574
583 945
585 945
589 945
592 593
595 592
946 601
605 946
605 606
609 605
626 617
626 947
947 617
639 630
639 640
642 639
948 653
656 948
656 657
659 656
949 660
663 949
665 949
675 670
675 950
950 670
951 676
681 951
681 682
685 951
685 952
952 951
690 686
953 701
712 953
712 954
954 953
718 713
718 719
722 713
722 723
733 713
741 736
955 745
749 955
749 750
750 955
762 757
766 757
772 766
778 779
787 778
787 788
788 778
956 791
794 956
797 956
807 798
957 810
813 957
825 826
831 825
834 835
840 834
840 958
958 834
958 841
848 958
959 849
860 959
869 959
871 959
871 872
874 959
879 880
884 879
884 960
960 879
899 893
907 908
911 907
911 912
912 907
919 912
10 912
43 30
47 30
73 63
82 74
84 74
84 85
95 84
98 84
922 109
922 131
131 109
150 923
159 150
178 171
181 171
925 171
930 931
204 930
204 205
205 930
240 221
247 221
268 932
275 268
279 268
279 280
280 268
282 268
961 933
302 961
934 935
311 934
313 934
313 936
316 313
320 321
329 320
331 320
937 343
937 359
359 343
362 343
962 387
397 962
425 415
437 939
447 437
963 455
464 963
464 465
465 963
467 963
467 940
472 467
497 489
964 498
511 964
516 942
521 516
523 516
545 943
548 545
944 551
944 560
560 551
573 945
589 573
609 946
616 617
947 616
947 627
627 616
629 616
965 670
950 965
950 951
952 950
952 686
686 950
966 953
954 966
954 713
733 954
735 954
967 955
750 967
772 757
774 757
774 968
968 757
788 775
790 775
790 956
797 790
969 798
807 969
809 969
970 957
813 970
831 823
971 959
874 971
874 875
875 971
960 875
960 885
885 875
10 907
10 11
11 907
47 25
51 25
51 972
972 25
98 74
98 973
973 74
973 99
99 74
101 74
103 74
131 107
150 107
925 924
205 928
208 928
210 928
220 221
247 220
249 220
282 265
313 302
362 341
425 413
447 433
454 963
472 454
478 454
497 964
511 497
523 511
974 551
560 974
564 974
589 571
600 946
609 600
629 609
629 630
630 609
639 609
975 965
686 975
700 966
735 700
735 736
736 700
968 755
797 969
809 797
809 970
970 797
813 797
815 797
11 904
13 904
976 74
103 976
150 104
159 104
162 924
925 162
925 926
926 162
249 218
249 977
977 218
282 263
285 263
313 961
362 339
364 339
478 451
523 497
527 497
527 528
528 497
978 974
564 978
571 978
639 600
642 600
669 975
686 669
736 697
979 755
968 979
815 790
818 790
822 790
103 104
159 103
159 980
980 103
926 160
927 160
217 218
977 217
262 263
285 262
981 961
313 981
364 335
528 489
531 489
550 978
571 550
589 550
822 775
822 982
982 775
980 976
980 160
160 976
285 260
292 260
292 981
981 260
334 335
364 334
372 334
379 334
379 983
983 334
531 487
531 532
532 487
589 548
968 775
982 968
982 984
984 968
73 976
160 73
927 73
981 256
313 256
983 331
532 941
984 979
927 63
927 190
190 63
313 250
316 250
983 320
478 941
532 478
754 979
984 754
984 823
823 754
190 61
193 61
985 250
316 985
983 317
983 380
380 317
532 451
540 451
823 750
831 750
831 832
832 750
60 61
193 60
193 928
928 60
210 60
210 986
986 60
987 985
316 987
316 317
317 987
380 987
988 451
540 988
832 967
989 987
380 989
450 988
540 450
545 450
744 967
832 744
834 744
958 744
977 989
380 977
545 447
958 741
380 217
384 217
545 433
958 736
848 736
848 971
971 736
384 211
386 211
545 431
548 431
589 431
592 431
971 697
875 697
986 211
386 986
386 990
990 986
991 431
592 991
696 697
875 696
885 696
887 696
990 60
990 992
992 60
992 993
993 60
430 991
592 430
595 430
887 692
993 56
595 426
600 426
642 426
887 690
893 690
994 56
993 994
995 426
642 995
893 686
899 686
996 994
993 996
993 962
962 996
997 995
642 997
899 669
901 669
55 996
962 55
397 55
425 997
642 425
645 425
901 665
901 902
902 665
397 52
399 52
645 413
647 413
902 949
904 949
972 52
399 972
399 400
400 972
402 972
647 938
659 949
904 659
13 659
402 25
998 938
647 998
13 656
17 656
24 25
402 24
407 24
407 998
647 407
647 648
648 407
650 407
17 948
19 948
19 999
999 948
407 920
650 920
652 948
999 652
999 1000
1000 652
1000 920
650 1000
