1 2
2 3
3 1
3 4
4 5
5 6
6 7
7 8
8 3
8 9
9 3
9 10
10 11
11 9
11 12
12 13
13 14
14 11
14 15
15 16
16 14
17 18
18 19
19 20
20 17
20 21
21 22
22 23
23 20
24 25
25 26
26 24
27 28
28 29
29 30
30 27
30 31
31 32
32 30
33 34
34 35
35 33
36 37
37 38
38 36
39 40
40 41
41 39
41 42
42 43
43 41
43 44
44 45
45 41
45 46
46 47
47 45
47 48
48 49
49 45
49 50
50 51
51 49
51 52
52 53
53 51
54 55
55 56
56 54
56 57
57 58
58 59
59 54
59 60
60 61
61 59
62 63
63 64
64 62
65 66
66 67
67 68
68 65
69 70
70 71
71 69
72 73
73 74
74 75
75 72
75 76
76 72
76 77
77 78
78 76
79 80
80 81
81 82
82 79
82 83
83 84
84 85
85 86
86 82
86 87
87 82
87 88
88 89
89 82
90 91
91 92
92 93
93 90
93 94
94 95
95 93
95 96
96 93
97 98
98 99
99 100
100 97
100 101
101 97
102 103
103 104
104 102
104 105
105 106
106 104
106 107
107 104
107 108
108 109
109 110
110 107
111 112
112 113
113 114
114 111
114 115
115 111
115 116
116 117
117 115
117 118
118 119
119 120
120 117
120 121
121 117
121 122
122 123
123 121
124 125
125 126
126 127
127 124
127 128
128 129
129 127
129 130
130 131
131 129
132 133
133 134
134 132
135 136
136 137
137 138
138 139
139 135
139 140
140 141
141 139
141 142
142 139
143 144
144 145
145 143
146 147
147 148
148 146
148 149
149 150
150 148
150 151
151 152
152 153
153 150
154 155
155 156
156 154
156 157
157 158
158 156
159 160
160 161
161 159
161 162
162 163
163 159
163 164
164 165
165 159
165 166
166 167
167 168
168 165
169 170
170 171
171 172
172 169
173 174
174 175
175 173
175 176
176 177
177 173
177 178
178 179
179 173
180 181
181 182
182 180
183 184
184 185
185 183
186 187
187 188
188 189
189 186
189 190
190 191
191 192
192 189
193 194
194 195
195 193
195 196
196 197
197 198
198 193
198 199
199 200
200 201
201 202
202 203
203 198
203 204
204 198
204 205
205 198
206 207
207 208
208 206
208 209
209 206
210 211
211 212
212 213
213 210
213 214
214 210
215 216
216 217
217 215
217 218
218 219
219 215
219 220
220 221
221 219
222 223
223 224
224 222
224 225
225 222
226 227
227 228
228 229
229 226
230 231
231 232
232 233
233 230
234 235
235 236
236 234
237 238
238 239
239 237
239 240
240 241
241 237
241 242
242 237
243 244
244 245
245 246
246 243
246 247
247 243
247 248
248 249
249 243
249 250
250 243
250 251
251 252
252 250
253 254
254 255
255 253
255 256
256 257
257 258
258 255
258 259
259 255
259 260
260 261
261 262
262 259
262 263
263 259
264 265
265 266
266 264
266 267
267 268
268 269
269 270
270 266
270 271
271 272
272 273
273 274
274 270
274 275
275 270
276 277
277 278
278 276
278 279
279 280
280 278
280 281
281 282
282 280
283 284
284 285
285 286
286 283
286 287
287 288
288 289
289 283
289 290
290 291
291 283
292 293
293 294
294 295
295 292
296 297
297 298
298 296
299 300
300 301
301 302
302 299
302 303
303 304
304 302
305 306
306 307
307 305
307 308
308 309
309 305
309 310
310 311
311 312
312 309
312 313
313 314
314 315
315 312
315 316
316 317
317 318
318 312
318 319
319 312
320 321
321 322
322 320
322 323
323 324
324 325
325 326
326 327
327 322
328 329
329 330
330 328
331 332
332 333
333 334
334 335
335 331
335 336
336 337
337 335
337 338
338 335
339 340
340 341
341 339
342 343
343 344
344 342
344 345
345 342
346 347
347 348
348 349
349 346
350 351
351 352
352 350
352 353
353 350
353 354
354 355
355 356
356 353
357 358
358 359
359 357
360 361
361 362
362 363
363 360
363 364
364 365
365 366
366 363
366 367
367 368
368 369
369 363
369 370
370 371
371 372
372 369
372 373
373 369
373 374
374 375
375 373
375 376
376 377
377 378
378 375
379 380
380 381
381 382
382 379
382 383
383 379
383 384
384 379
385 386
386 387
387 385
388 389
389 390
390 391
391 388
391 392
392 388
392 393
393 388
394 395
395 396
396 397
397 394
397 398
398 399
399 397
399 400
400 397
401 402
402 403
403 401
404 405
405 406
406 407
407 404
408 409
409 410
410 408
410 411
411 408
411 412
412 408
413 414
414 415
415 413
416 417
417 418
418 419
419 416
419 420
420 416
421 422
422 423
423 421
423 424
424 425
425 426
426 423
426 427
427 428
428 429
429 423
429 430
430 423
430 431
431 423
431 432
432 423
433 434
434 435
435 433
435 436
436 437
437 433
437 438
438 439
439 437
439 440
440 437
440 441
441 442
442 440
442 443
443 444
444 445
445 442
445 446
446 442
447 448
448 449
449 447
449 450
450 451
451 449
452 453
453 454
454 455
455 456
456 452
456 457
457 458
458 452
458 459
459 460
460 452
460 461
461 452
461 462
462 463
463 464
464 465
465 466
466 461
466 467
467 461
468 469
469 470
470 471
471 468
471 472
472 468
472 473
473 474
474 468
474 475
475 468
475 476
476 477
477 475
478 479
479 480
480 478
481 482
482 483
483 484
484 481
484 485
485 481
485 486
486 487
487 485
487 488
488 489
489 487
490 491
491 492
492 493
493 490
493 494
494 490
494 495
495 496
496 494
497 498
498 499
499 500
500 501
501 497
501 502
502 497
503 504
504 505
505 506
506 503
506 507
507 508
508 503
508 509
509 503
509 510
510 511
511 503
511 512
512 513
513 511
513 514
514 515
515 513
515 516
516 517
517 515
517 518
518 519
519 517
520 521
521 522
522 523
523 520
523 524
524 525
525 523
525 526
526 523
526 527
527 528
528 526
529 530
530 531
531 529
531 532
532 533
533 534
534 531
535 536
536 537
537 535
537 538
538 539
539 540
540 537
540 541
541 537
541 542
542 543
543 541
543 544
544 545
545 546
546 547
547 548
548 543
548 549
549 543
549 550
550 551
551 549
552 553
553 554
554 555
555 556
556 552
556 557
557 552
557 558
558 559
559 557
560 561
561 562
562 560
562 563
563 564
564 562
564 565
565 566
566 564
567 568
568 569
569 570
570 571
571 567
572 573
573 574
574 575
575 572
575 576
576 577
577 575
577 578
578 575
578 579
579 580
580 578
580 581
581 582
582 580
582 583
583 584
584 582
584 585
585 586
586 584
586 587
587 588
588 589
589 586
589 590
590 586
590 591
591 592
592 590
592 593
593 594
594 592
594 595
595 592
595 596
596 597
597 598
598 599
599 600
600 595
600 601
601 602
602 603
603 600
603 604
604 600
604 605
605 600
605 606
606 607
607 605
608 609
609 610
610 608
611 612
612 613
613 611
613 614
614 615
615 616
616 617
617 613
617 618
618 613
618 619
619 620
620 621
621 613
621 622
622 613
622 623
623 624
624 622
624 625
625 626
626 624
626 627
627 624
627 628
628 629
629 630
630 627
630 631
631 632
632 630
632 633
633 630
634 635
635 636
636 634
636 637
637 638
638 636
639 640
640 641
641 642
642 639
643 644
644 645
645 643
645 646
646 647
647 645
647 648
648 649
649 650
650 651
651 647
652 653
653 654
654 652
654 655
655 652
656 657
657 658
658 656
658 659
659 656
659 660
660 661
661 659
661 662
662 659
662 663
663 659
663 664
664 665
665 663
665 666
666 663
666 667
667 663
667 668
668 669
669 667
669 670
670 667
671 672
672 673
673 671
673 674
674 675
675 676
676 671
677 678
678 679
679 677
679 680
680 681
681 679
681 682
682 683
683 679
683 684
684 679
685 686
686 687
687 685
687 688
688 689
689 687
690 691
691 692
692 690
692 693
693 694
694 695
695 696
696 692
697 698
698 699
699 697
699 700
700 701
701 699
702 703
703 704
704 702
704 705
705 706
706 704
706 707
707 708
708 706
708 709
709 706
709 710
710 711
711 709
712 713
713 714
714 715
715 712
715 716
716 717
717 715
718 719
719 720
720 721
721 718
721 722
722 718
722 723
723 724
724 722
724 725
725 722
725 726
726 727
727 722
728 729
729 730
730 728
731 732
732 733
733 731
733 734
734 735
735 736
736 733
737 738
738 739
739 1
1 737
11 1
14 1
16 1
740 17
20 740
23 24
26 23
26 27
30 26
32 26
32 33
35 32
45 39
51 45
53 54
59 53
61 53
61 62
64 61
78 72
78 741
741 72
89 79
96 90
96 742
742 90
742 743
743 90
107 102
117 111
123 117
123 124
124 117
129 124
131 124
134 135
142 134
145 146
148 145
153 145
744 159
168 744
168 169
172 744
172 173
179 172
179 745
745 172
746 180
182 746
182 747
747 746
747 183
185 747
748 193
198 748
214 215
219 214
221 214
221 222
222 214
749 230
233 749
750 237
242 750
242 751
751 750
751 243
252 751
252 253
253 751
263 253
275 264
275 276
276 264
278 264
280 264
282 283
291 282
291 292
295 282
295 296
298 295
298 299
302 298
312 305
752 328
330 752
330 753
753 752
753 331
338 753
338 754
754 753
754 339
339 753
341 342
345 341
345 755
755 341
349 350
353 349
356 357
359 356
359 360
360 356
378 373
378 756
756 373
756 379
384 756
757 385
387 757
758 388
393 758
393 394
400 758
400 401
401 758
759 408
412 759
415 416
420 415
420 421
423 415
442 437
451 452
461 451
467 468
475 467
496 490
496 760
760 490
760 497
502 490
502 761
761 490
761 503
513 761
526 520
528 520
528 529
529 520
531 520
762 535
537 762
549 541
559 552
559 763
763 552
763 560
562 763
564 763
764 567
571 764
571 572
578 571
584 578
595 590
607 600
607 608
608 600
624 611
647 643
651 652
655 651
667 656
684 677
684 685
685 677
689 685
689 690
690 685
765 702
704 765
709 704
711 704
711 712
717 711
717 718
718 711
722 711
736 731
16 740
20 16
23 16
35 26
35 36
36 26
38 26
766 72
741 766
741 767
767 766
768 79
89 768
89 90
743 768
769 102
107 769
153 143
153 770
770 143
158 744
745 158
745 746
746 158
222 210
771 749
233 771
263 751
263 264
264 751
295 280
302 295
755 339
755 346
346 339
360 353
384 373
387 758
401 387
423 413
432 413
475 461
477 461
489 490
761 489
772 762
537 772
541 772
564 552
566 552
608 595
610 595
610 611
624 610
627 610
642 643
647 642
655 647
690 677
692 677
722 765
23 1
773 766
767 773
767 768
768 773
142 143
770 142
770 154
154 142
746 156
209 210
222 209
225 209
225 226
226 209
264 750
346 753
349 753
360 349
384 369
412 413
432 412
432 774
774 412
477 451
775 772
541 775
549 775
551 775
776 552
566 776
566 764
764 776
571 776
627 590
630 590
777 677
692 777
696 777
23 737
26 737
38 737
71 773
768 71
743 71
743 97
97 71
154 134
746 154
747 154
185 154
226 206
229 206
229 771
771 206
236 750
264 236
349 752
360 752
477 449
477 478
478 449
480 449
534 775
551 534
778 776
571 778
578 778
584 778
630 586
633 586
676 777
696 676
696 697
697 676
97 69
185 134
779 206
771 779
233 779
264 234
280 234
295 234
327 752
360 327
480 447
551 531
780 778
584 780
633 584
697 671
699 671
781 69
97 781
185 132
185 782
782 132
782 186
186 132
783 234
295 783
784 780
584 784
131 132
186 131
189 131
192 131
233 783
295 233
302 233
785 784
584 785
633 785
192 124
302 779
551 785
633 551
633 634
634 551
192 117
192 786
786 117
786 748
748 117
787 779
302 787
304 787
634 531
748 111
198 111
788 787
304 788
304 305
305 788
634 520
789 111
198 789
205 789
790 788
305 790
519 520
634 519
636 519
791 789
205 791
205 790
305 205
636 517
638 517
110 791
205 110
638 515
638 639
639 515
205 107
305 107
312 107
639 513
642 513
647 513
312 769
319 769
647 761
655 761
101 769
319 101
655 489
655 656
656 489
319 97
319 792
792 97
656 487
792 781
792 320
320 781
656 485
68 781
320 68
656 481
667 481
670 481
670 793
793 481
320 65
322 65
327 65
480 481
793 480
64 65
327 64
360 64
793 447
793 794
794 447
794 671
671 447
360 61
363 61
795 447
671 795
699 795
701 795
363 53
446 795
701 446
363 51
369 51
701 442
701 765
765 442
722 442
369 45
722 437
727 437
727 796
796 437
369 39
384 39
796 433
796 797
797 433
798 39
384 798
384 757
757 798
774 433
797 774
797 799
799 774
38 798
757 38
799 412
799 728
728 412
757 737
728 759
730 759
736 737
757 736
387 736
407 759
730 407
387 731
401 731
730 404
730 800
800 404
801 731
401 801
403 404
800 403
800 801
401 800
