10 0.99 0.453 0.533
20 1.377 0.779 0.595
30 3.085 2.114 0.968
50 9.23 7.804 1.422
60 8.51 6.579 1.928
70 10.049 7.796 2.25
80 13.977 11.085 2.89
90 14.624 11.56 3.06
100 20.521 16.728 3.79
110 22.721 17.769 4.95
120 26.795 22.143 4.648
130 28.351 23.098 5.251
140 36.029 29.986 6.04
150 39.203 32.925 6.275
160 48.77 41.716 7.05
170 51.62 43.965 7.652
180 87.696 79.179 8.513
190 87.317 77.249 10.065
200 61.321 51.933 9.385
210 83.629 72.792 10.833
220 83.708 72.148 11.558
230 92.893 80.348 12.543
240 116.709 102.983 13.723
250 110.685 96.582 14.101
260 105.93 91.359 14.569
270 124.082 107.975 16.104
280 149.017 132.349 16.665
290 158.251 140.259 17.989
300 136.898 117.768 19.127
320 179.151 157.959 21.189
330 179.936 157.753 22.179
340 213.93 190.12 23.807
350 224.928 199.954 24.971
360 232.907 206.157 26.747
370 218.921 192.471 26.447
380 235.538 207.394 28.141
390 246.869 217.307 29.559
400 260.601 228.537 32.061
410 292.883 260.682 32.198
420 337.759 303.321 34.436
430 343.285 307.802 35.48
440 362.687 325.768 36.915
450 366.247 328.646 37.598
460 344.282 305.478 38.8
470 378.274 336.856 41.415
480 407.166 365.239 41.924
490 429.643 386.136 43.504
500 382.408 337.746 44.659
510 401.192 355.628 45.561
520 573.83 508.38 65.447
540 549.662 497.68 51.979
550 458.517 406.698 51.815
560 487.728 433.434 54.292
570 470.467 415.82 54.643
580 590.527 530.011 60.512
590 564.755 502.933 61.819
600 576.171 509.721 66.447
610 637.203 571.507 65.693
620 663.479 596.624 66.852
630 658.043 590.76 67.28
640 689.575 619.764 69.807
650 615.47 544.748 70.718
660 706.987 628.714 78.269
670 737.536 654.829 82.704
680 713.152 627.859 85.289
690 772.918 693.068 79.845
700 759.409 671.679 87.726
710 799.599 715.835 83.76
720 859.044 768.536 90.501
730 755.38 671.252 84.124
740 944.881 855.169 89.709
750 923.392 831.878 91.511
760 1013.75 919.679 94.072
770 947.263 851.756 95.504
780 923.945 827.732 96.211
790 1036.79 932.991 103.794
810 977.047 868.934 108.11
820 1059.47 953.058 106.407
830 1117.57 1002.21 115.363
840 1018.36 907.945 110.409
850 1126.14 1008.76 117.38
860 1184.7 1060.05 124.652
880 1278.78 1150.58 128.194
890 1282.28 1149.62 132.658
910 1264.58 1129.1 135.477
920 1202.12 1073.61 128.501
930 1294.25 1153.76 140.488
940 1311.77 1168.93 142.84
950 1601.34 1452.35 148.988
960 1561.33 1412.47 148.866
970 1498.94 1344.71 154.223
980 1555.19 1402.9 152.284
990 1461.61 1303.95 157.654
1000 1600.43 1437.77 162.664
799 1768.82 1594.14 174.675
801 1779.04 1605.96 173.075
801 1696.92 1692.28 4.64
18 5.659 3.271 2.384
